40 500 700 250
14 25 19
2 35 11
0 20 43
11 21 79
0 33 76
20 24 85
20 29 60
16 36 52
6 36 99
13 36 86
8 18 85
8 21 61
34 35 12
17 33 96
6 31 84
18 20 27
26 31 10
15 20 41
15 29 68
26 35 97
5 37 96
33 35 20
10 20 10
25 38 94
21 27 77
24 37 98
14 27 70
22 32 64
0 39 80
16 30 40
0 11 66
4 38 65
7 31 57
5 23 14
0 14 54
6 34 98
13 38 38
31 34 77
4 12 90
18 26 5
18 35 46
2 27 39
0 31 85
2 7 36
0 36 61
3 13 4
19 29 18
5 18 2
9 12 94
24 27 35
7 15 37
5 34 98
5 12 95
28 34 61
32 38 15
0 2 89
12 23 81
0 10 35
6 28 62
2 32 18
5 17 92
21 33 63
17 39 57
24 34 56
17 37 47
4 35 46
1 32 10
20 21 37
4 37 28
13 30 80
0 26 12
35 39 18
19 35 75
0 21 75
2 8 48
12 18 78
8 24 20
31 39 94
18 19 35
4 21 73
14 31 36
5 6 71
22 31 88
14 36 100
9 30 43
1 34 46
0 23 89
3 28 49
36 37 67
4 31 21
16 18 74
21 29 19
7 29 70
4 39 43
2 29 55
14 21 95
4 24 69
13 28 59
20 30 36
25 35 7
3 30 54
3 8 81
1 2 79
9 36 23
25 28 88
22 29 19
28 32 39
10 13 6
1 16 87
25 29 83
24 32 88
27 31 75
19 23 54
18 25 6
12 13 87
9 32 38
32 35 1
1 29 83
7 20 36
1 6 19
11 37 70
4 32 21
13 20 68
11 13 37
5 13 80
24 35 5
23 31 33
8 36 70
3 32 43
10 31 2
17 20 30
14 18 33
28 35 3
19 22 50
15 35 84
14 37 96
7 22 77
25 37 76
24 39 36
2 31 63
3 26 33
3 18 55
26 30 11
19 26 24
15 22 94
17 29 97
28 37 9
18 30 27
25 30 85
9 26 90
17 24 56
13 33 63
3 6 8
34 36 46
30 37 35
22 38 54
9 13 75
2 17 24
7 36 76
22 39 13
4 9 2
27 29 73
2 21 54
25 31 45
4 29 12
4 18 60
20 31 89
14 15 32
26 33 58
15 36 94
11 22 43
11 19 85
15 33 44
1 24 53
0 5 26
3 27 94
16 37 15
5 36 58
3 29 70
20 36 78
23 24 58
17 22 5
31 38 65
12 35 29
19 21 62
3 34 52
21 35 65
0 17 70
14 29 67
3 22 64
4 28 48
12 27 22
34 38 85
0 16 76
14 16 54
23 35 99
3 16 92
30 39 68
18 31 28
15 39 72
21 28 44
14 34 92
3 37 35
10 37 90
18 29 49
35 38 28
10 16 72
38 39 62
20 28 99
13 31 9
2 9 11
19 27 78
8 16 63
11 16 66
5 28 32
2 6 73
10 17 60
11 14 8
13 15 30
8 35 10
9 19 89
12 24 69
7 34 53
10 32 100
7 13 51
12 31 25
27 39 37
23 26 88
22 35 91
5 25 66
23 27 34
24 33 9
12 25 71
7 24 51
17 23 73
9 37 80
0 1 33
8 32 83
0 37 100
1 31 66
21 32 48
2 3 50
12 26 15
19 34 28
11 28 98
29 35 16
7 14 30
10 22 62
16 22 10
10 25 1
27 33 51
10 29 82
10 14 55
1 35 41
17 26 40
4 17 4
12 34 56
18 34 77
5 21 85
3 39 81
11 30 11
24 25 85
9 29 93
2 37 63
10 33 61
1 19 66
5 30 87
11 23 10
10 12 11
23 28 40
24 30 6
28 31 61
21 22 53
10 27 38
2 13 100
22 30 42
18 23 58
6 14 9
0 4 15
1 28 32
18 24 47
36 39 10
10 24 84
16 25 95
11 31 17
16 28 62
17 18 84
9 15 58
3 4 93
17 19 32
9 31 19
29 39 56
8 17 61
12 17 52
2 16 2
0 29 18
28 33 44
8 14 22
24 36 78
8 12 85
19 31 65
12 16 61
32 33 51
3 19 18
23 25 17
19 24 7
6 9 81
0 28 18
6 27 65
22 23 69
4 36 75
2 24 97
1 20 19
10 38 76
16 34 57
16 27 81
6 10 93
19 39 76
5 14 87
18 39 100
18 37 94
17 28 62
11 26 42
11 33 81
21 36 55
30 32 39
9 27 19
20 34 41
5 38 44
6 38 81
20 38 50
8 26 17
24 28 44
2 18 91
6 25 35
1 27 26
14 20 70
14 23 35
4 19 75
12 29 11
1 33 50
9 11 93
6 26 42
6 8 93
15 17 84
5 16 83
9 28 96
7 18 10
5 31 35
26 38 55
24 38 36
24 31 32
9 17 24
16 24 46
3 33 81
17 31 55
29 36 28
11 34 96
27 35 38
12 21 10
30 35 61
9 39 89
29 34 70
12 30 74
7 37 50
7 8 67
7 19 16
11 17 47
1 14 37
30 38 72
33 36 81
5 15 45
10 26 40
19 38 21
10 30 48
35 37 2
10 35 68
15 30 39
11 39 47
31 36 92
5 26 39
7 21 50
33 39 70
22 34 57
7 30 94
22 26 30
8 31 47
12 32 59
26 28 21
13 16 63
9 23 40
13 17 51
6 17 7
5 27 58
15 23 27
23 29 24
0 25 52
14 39 100
18 27 67
30 33 36
11 12 70
10 18 65
2 26 20
7 10 31
31 33 87
15 21 31
10 28 10
6 30 38
6 21 32
29 33 43
3 12 14
20 26 16
13 19 77
0 19 41
7 38 89
27 34 87
3 20 16
15 37 89
33 38 81
7 32 84
13 35 95
16 35 10
4 33 97
2 4 100
3 11 59
2 38 92
17 35 1
0 30 83
37 39 4
12 15 71
23 36 37
9 35 16
1 26 12
1 11 18
33 37 53
1 21 27
3 25 71
25 39 18
21 25 94
33 34 47
6 18 71
16 23 64
11 29 80
14 33 51
12 20 72
10 39 30
12 33 46
9 20 94
4 23 81
3 9 76
17 30 71
2 12 44
29 30 18
3 21 62
12 37 6
25 32 99
5 39 44
3 14 99
6 32 23
7 17 51
11 36 72
17 27 38
10 19 13
5 9 42
4 5 38
30 36 93
4 10 54
16 19 4
6 37 79
4 16 85
1 36 18
2 33 59
3 17 57
13 26 26
13 32 7
13 14 91
4 22 79
21 26 35
0 3 46
5 11 67
0 6 46
23 39 73
28 39 25
2 36 97
20 27 85
14 24 82
11 27 39
6 20 78
34 37 96
3 36 9
12 36 100
5 19 55
1 25 85
7 25 39
7 9 27
9 14 49
14 17 2
13 29 24
19 36 52
23 32 100
192
150
479
472
258
245
22
439
325
315
14
469
434
465
451
222
491
356
41
124
444
346
76
163
165
125
345
483
60
368
135
317
488
235
404
128
7
230
313
44
360
162
164
214
393
244
31
30
61
226
270
443
105
216
417
184
236
496
303
380
306
396
408
223
336
111
5
379
297
462
62
59
293
382
107
371
35
273
284
402
277
412
383
480
40
26
119
55
89
78
19
140
136
65
489
6
110
474
133
171
289
495
359
178
28
243
320
433
399
482
329
42
365
385
90
218
25
246
18
132
310
364
141
473
52
481
387
425
82
358
101
332
302
155
145
362
86
400
203
33
228
152
217
272
37
499
292
477
114
394
307
370
204
142
97
264
295
485
457
263
290
66
103
468
49
324
94
266
186
169
355
13
12
113
278
156
254
291
166
288
446
398
281
194
287
154
29
129
309
453
193
21
121
39
102
361
96
386
68
200
269
391
352
377
180
3
176
442
414
470
64
298
271
172
431
423
205
241
123
448
436
75
449
463
131
427
77
375
476
493
411
158
437
227
279
390
213
338
454
93
466
452
116
95
138
353
438
153
478
432
