100 3000
39 70 181334
4 36 963141
21 28 517259
63 76 848603
11 90 143049
33 41 922934
16 47 68373
72 92 154056
54 92 651978
1 64 161436
2 78 866163
41 57 985365
12 59 563599
52 98 617339
76 88 807251
41 74 856370
42 88 939675
5 84 350971
45 61 279740
10 97 857320
67 80 746080
49 58 981189
55 100 888634
20 58 372654
59 97 555624
60 81 465907
23 95 62195
25 49 606550
84 95 588647
70 94 900050
53 62 835986
71 100 191995
8 38 851679
7 22 425775
48 77 225281
29 37 829909
16 38 693332
73 91 335812
36 41 687924
1 89 750024
2 73 805799
61 63 31993
79 85 662935
26 67 98643
17 57 958115
19 96 889310
37 54 468684
77 95 101234
5 93 501151
45 54 494407
49 51 422184
23 84 322083
8 94 846072
45 71 165367
32 68 329995
14 84 895855
71 93 101543
1 33 431791
57 60 515932
4 42 579982
7 15 45702
11 72 661587
12 90 414077
16 29 329355
72 74 81486
36 80 292007
1 82 856280
41 43 397474
5 53 965420
79 82 246009
20 89 516096
76 78 97202
77 88 193212
6 92 851671
10 19 413905
49 52 444194
64 98 784957
45 64 57392
85 89 859349
32 91 325117
33 67 869783
14 95 878438
71 90 730439
1 58 48219
38 97 445013
21 55 967129
4 17 875948
80 98 20641
26 34 430716
29 55 928591
12 81 246052
11 65 232520
36 95 275186
37 87 940649
2 91 305536
5 62 992209
79 91 916909
26 85 313176
27 65 990079
9 59 687926
20 96 274685
24 99 266598
5 79 492654
42 53 671795
10 26 632577
30 89 962179
13 63 716968
31 85 493436
91 93 587979
40 99 279055
8 76 982684
85 98 386620
32 82 532855
33 68 903456
18 93 196479
1 51 30936
57 78 894656
58 68 310155
4 24 807652
80 89 663597
26 45 235270
63 96 933637
29 48 251018
11 70 726443
33 53 744487
73 78 431725
36 70 58421
54 56 205541
2 82 105732
5 39 934536
61 74 769600
30 49 602604
52 70 91745
17 44 532599
34 44 300032
42 60 251377
5 72 591099
6 78 383905
67 76 983052
13 56 682540
31 82 10818
55 72 100225
23 99 843726
33 93 849376
14 41 128720
18 84 23945
1 52 63768
58 79 220372
43 100 946120
26 52 746135
46 51 914553
12 71 806893
68 100 625010
36 77 976014
37 89 520590
2 45 114695
58 62 790071
22 40 969159
5 32 545211
9 37 473951
30 56 722003
88 95 555350
52 77 355883
17 37 257474
10 12 836104
49 95 983838
30 75 771043
40 81 56363
14 48 186527
1 13 767557
57 88 304248
21 66 2845
4 14 162233
43 93 642769
26 63 889750
46 58 787909
37 66 165192
2 36 318482
19 20 957397
22 35 389688
61 92 477577
62 90 524491
9 46 540259
30 35 580374
51 90 60038
34 62 346832
15 64 68789
17 30 752371
6 56 235557
10 55 947015
50 94 725809
13 42 247676
18 55 954112
55 94 599537
38 50 633591
25 31 660799
64 78 50901
11 28 728851
14 59 264138
53 100 9526
18 70 2078
1 6 581765
57 97 611943
58 81 357343
21 75 463900
22 75 547417
43 82 26413
44 92 925928
46 61 715969
69 100 312157
73 97 107086
19 29 213842
37 75 106715
61 85 62402
62 93 250401
9 87 827091
27 45 533446
30 42 601710
34 57 151227
17 23 106523
52 83 908176
23 25 510125
6 51 693377
49 73 543845
50 89 868681
40 95 591940
3 85 248621
43 58 169183
65 73 582828
11 21 972684
29 99 642833
18 65 644351
1 31 833987
58 88 405986
21 84 608027
22 66 381310
7 97 13330
11 98 111839
15 33 893661
19 34 68451
2 54 251837
22 61 411385
5 27 742905
27 34 326796
52 90 646599
15 86 490147
34 48 203698
55 63 940786
6 42 828531
50 80 243057
13 92 915604
31 54 409901
35 51 734975
18 41 287649
74 90 682762
40 70 83615
3 90 673336
4 84 684962
43 51 884133
64 92 998366
65 66 775620
1 16 940028
58 99 174712
43 64 275960
44 82 837502
7 94 160925
83 89 72063
46 79 796530
68 88 80201
69 86 13162
15 46 572053
36 97 775627
19 43 185126
2 49 785912
22 52 132701
9 65 387470
87 93 111541
34 75 838795
3 50 432594
24 77 403383
23 47 817912
25 65 329334
10 32 401363
50 75 586339
18 32 400243
75 81 762420
8 22 545301
65 91 339414
28 73 385855
46 86 153313
47 76 242845
12 98 680295
69 95 946029
15 55 718500
19 48 597060
2 8 254805
41 99 193525
24 37 911921
5 13 348935
27 48 882435
9 74 758165
47 61 639878
30 31 839555
34 66 483662
3 59 512642
77 96 830917
24 84 728533
25 74 440068
14 100 34630
18 27 566262
74 76 42397
75 86 636050
38 94 975784
3 72 924291
8 29 241034
7 63 55698
29 78 166241
14 23 648094
39 53 83616
22 87 797946
79 98 979492
46 89 637580
47 85 491436
68 78 337974
69 88 629825
17 98 947289
15 60 716782
56 67 946638
19 57 187308
2 3 476867
41 100 385311
24 44 629550
10 67 287063
66 100 847481
47 58 696516
34 93 358405
35 89 842759
20 24 343653
3 32 886550
25 83 928802
6 31 757786
81 94 353473
28 40 650965
31 45 627120
13 71 508192
35 38 82242
75 79 64764
39 93 384714
4 65 491698
7 52 638366
65 85 96384
11 49 857131
29 71 560924
89 95 372693
53 65 224192
39 50 780523
44 63 834079
46 96 139516
48 58 64034
12 16 46999
16 83 391735
56 74 781656
2 26 366967
62 96 416026
10 74 15470
34 84 127533
52 62 705709
56 57 601679
20 39 660182
59 68 397570
25 84 273997
23 58 315209
31 42 651305
13 64 827066
38 72 315493
63 80 614230
28 86 621937
11 54 768701
16 59 203732
90 94 780662
53 74 584090
2 98 658917
22 97 921076
44 54 854321
7 66 516117
47 91 432281
17 92 29399
56 81 379486
19 71 627822
2 21 21851
20 46 814787
3 46 410517
59 93 298660
23 51 340717
6 9 748213
82 86 180167
25 93 875995
28 62 201661
32 57 587976
7 42 344985
63 89 406393
29 89 248910
11 47 161065
36 61 833587
54 67 554088
9 21 91423
47 96 525610
17 85 584012
56 88 623458
41 95 411039
42 87 181028
5 97 310750
35 76 682745
60 92 876164
28 53 860322
74 96 416710
39 72 329346
4 62 269953
8 57 685413
7 35 727528
63 70 62305
48 80 327075
11 36 993627
16 41 206555
72 86 83572
53 92 571884
54 90 979438
1 78 705449
41 55 38774
12 61 628964
52 100 328617
17 78 138956
56 95 126941
41 64 942712
66 72 716780
30 98 202496
13 26 17557
3 28 520153
25 47 889780
8 81 776847
45 84 431363
32 55 616667
50 97 716145
70 100 628399
39 65 132310
4 37 220767
8 32 902447
7 24 926227
11 93 11247
33 40 404127
16 32 880623
54 93 701167
1 71 348614
2 79 861560
41 56 461826
52 99 508107
15 25 396124
17 71 97547
76 89 445110
41 73 291883
42 89 260090
6 99 650899
45 60 740968
66 67 242837
67 83 167948
13 19 229332
60 82 579845
23 94 821297
8 88 526627
25 48 499695
45 77 431291
32 78 1346
13 100 950964
14 82 287590
70 95 736795
1 47 303416
57 58 390440
21 36 64169
4 44 223920
8 39 668813
7 17 184448
48 78 168887
11 82 582565
16 39 441378
36 42 157429
54 84 620383
2 70 241299
79 84 467620
26 64 441774
61 62 582608
12 51 509202
19 99 41911
20 83 11026
76 80 524972
77 94 717785
42 64 591026
6 90 916833
45 53 788196
66 90 374607
67 88 721288
35 99 723216
25 57 335958
32 69 261811
33 73 5786
14 85 839637
71 92 151744
1 32 972915
21 45 231253
7 14 427212
29 61 421045
12 91 126818
16 30 844525
72 75 476563
2 65 980457
79 93 639839
51 65 261692
17 49 552451
37 62 575457
20 90 128341
77 87 93466
24 29 628959
6 93 779623
30 87 553719
64 99 569723
57 68 175476
21 54 623632
26 35 916372
29 54 590954
12 82 839581
16 21 422439
36 88 771482
37 86 122235
5 61 517088
79 90 762999
26 82 981995
9 58 974938
51 70 280444
17 42 583617
37 39 882225
20 97 677414
42 50 244917
5 78 363674
6 84 328352
24 100 784852
30 94 324623
13 62 475074
31 84 521245
8 77 802783
85 97 263206
32 83 411861
33 91 496146
71 82 595289
18 90 677632
58 69 962175
4 25 552431
80 90 231695
26 42 646778
12 73 65352
36 71 606567
5 38 246964
61 73 211157
27 89 179551
30 54 562559
88 89 442896
52 71 351656
42 61 868242
30 65 307329
13 55 3332
31 93 543581
55 75 421092
3 97 100902
14 46 92971
71 75 923560
57 86 684992
39 98 460623
80 81 307330
26 53 894449
46 48 5928
36 78 11330
2 42 384688
58 63 226703
5 47 672629
61 66 145665
27 94 513494
34 36 320749
17 36 481504
52 78 52095
25 100 3160
10 13 353552
30 72 108479
13 48 191462
31 90 35071
18 61 934159
64 72 725325
50 55 432693
33 85 590884
14 49 114983
32 97 205926
18 76 654390
1 12 400437
58 87 70854
21 65 116805
4 15 166097
26 60 305376
46 59 717006
37 65 672549
2 37 100432
19 23 81388
22 32 796771
61 91 728197
9 45 371667
27 87 171411
51 93 270763
52 85 390993
17 29 726264
42 47 867681
6 57 181599
49 87 557823
31 67 359752
13 41 789010
40 89 428378
25 30 388513
64 79 238888
53 99 94659
18 71 799861
1 5 430940
57 96 709056
21 74 573121
43 85 415699
44 93 464596
51 53 169646
73 96 730809
19 28 36651
37 74 55636
5 17 241746
62 66 979733
9 86 776668
52 92 511529
34 54 302949
17 22 653320
15 72 449158
23 24 606247
6 48 422562
10 63 69228
49 72 488130
50 86 817021
31 72 773694
13 34 632928
55 86 855549
38 42 711937
3 84 861660
40 64 20084
65 72 720728
11 20 443691
1 30 195930
22 67 903573
43 74 79235
46 69 310794
51 58 46473
15 32 483515
19 37 964513
5 26 206512
98 99 190001
9 95 464933
10 87 93988
86 95 9377
52 91 739112
15 81 800218
55 62 159622
76 97 533266
6 43 976551
10 38 697895
13 91 850408
31 49 605728
35 50 972008
74 91 498810
75 91 104812
40 71 557816
3 93 13302
4 85 794745
43 50 602017
8 16 15259
64 93 356442
11 13 630639
58 96 13863
21 92 492887
22 90 907569
43 67 830551
44 83 462638
7 89 673017
83 88 210648
46 76 562355
47 70 143958
68 89 572591
69 85 206259
15 41 228567
19 42 188379
2 14 598368
22 53 599389
9 64 190232
27 58 814788
10 94 352719
87 92 745924
15 94 257885
24 78 608174
25 64 563387
50 72 789478
31 62 990747
75 80 479091
64 84 996094
65 90 729081
28 74 597426
54 100 158548
39 63 505115
22 93 963146
79 100 864438
44 74 39836
7 86 825433
47 79 505627
12 99 111196
15 54 795627
19 51 919502
41 98 826288
24 38 924619
5 12 926821
9 73 291819
27 51 240609
47 60 404367
34 67 717812
35 83 408087
3 58 350091
59 73 84986
25 73 399046
81 100 418989
6 37 810061
23 39 287975
10 40 430316
31 39 296968
74 77 345897
40 53 132573
38 95 618501
4 91 723879
11 59 183636
29 77 195062
14 20 700593
53 71 495694
44 65 984404
7 79 792935
46 94 992139
68 79 182225
69 71 281592
16 93 984357
15 63 700702
19 56 818826
10 64 315972
86 96 667761
34 90 956020
35 88 802726
3 35 266768
59 78 22503
25 82 740563
81 93 392360
6 28 942587
13 70 41043
35 41 357214
18 19 412208
38 86 345889
39 92 40840
4 66 573243
7 55 22971
28 88 459313
29 70 512988
89 94 269377
14 31 132485
44 56 369542
7 68 362433
46 97 244918
48 59 798644
88 98 861771
16 84 284315
17 90 798119
56 75 320568
19 65 831994
2 27 128117
24 52 669942
42 98 476692
62 97 746445
10 75 33551
52 63 633007
35 65 896256
20 32 43959
59 71 948771
6 23 555562
81 86 752759
28 32 834675
32 35 796698
35 46 524003
39 85 692250
4 73 747427
8 12 643532
7 44 309463
11 41 759832
29 95 939300
53 73 646514
36 55 967146
54 73 73816
39 42 497526
48 50 9146
17 83 408329
56 82 52770
19 70 704030
41 85 538559
87 96 183511
35 70 311181
20 47 858528
6 14 386647
82 87 450775
45 97 327136
28 63 211978
40 42 166574
38 64 167255
39 82 806511
8 51 561833
63 88 622004
29 88 83460
16 51 689441
53 82 564776
36 62 634024
54 64 124016
44 46 172220
17 84 323545
56 89 246198
19 79 252988
20 71 850089
27 31 632357
66 78 429698
92 100 572265
20 54 327186
3 22 297810
59 85 58089
60 93 908468
23 75 398283
14 65 380279
74 97 791519
39 75 987073
4 63 613391
63 65 326481
29 81 771738
72 87 104530
53 91 67743
36 37 648005
9 29 375194
12 62 976232
17 77 56716
56 96 407647
19 84 409744
42 95 441788
10 100 301684
30 99 346120
92 99 117648
20 61 685134
3 31 635718
60 84 696017
23 64 310036
25 46 982842
45 83 216031
32 72 627666
39 64 232882
8 33 702851
7 27 782744
29 42 309235
11 92 694438
33 47 602681
16 33 992978
72 94 179059
36 44 749136
2 76 43794
41 63 153587
78 84 376900
12 53 764904
15 24 737883
17 70 535803
19 93 901979
41 72 59642
42 70 372202
5 82 738660
6 96 72192
45 59 253854
67 82 752357
13 18 890666
8 89 82863
84 89 508917
32 79 594107
13 99 664322
14 83 170789
70 92 480613
53 60 297105
1 46 441544
75 99 379711
21 35 406733
4 45 967052
8 40 581324
7 16 661597
48 79 192610
11 85 892100
12 93 319057
16 24 139383
54 85 624392
2 71 48411
26 65 622466
12 44 837665
15 97 392298
19 98 918474
76 81 854157
77 93 33573
42 65 168375
5 91 261585
6 91 548656
45 52 923654
10 22 854400
66 91 915120
67 91 711469
35 98 908520
3 13 402433
23 86 833714
8 64 676859
25 56 29789
45 69 367978
85 94 990518
33 72 700533
14 90 734830
70 87 905797
71 95 555417
1 39 389643
21 44 80323
4 20 784777
8 47 547826
48 70 45925
29 60 614899
12 84 565783
33 57 285344
16 31 804297
72 76 270306
36 82 495867
2 94 541012
79 92 656577
27 74 822569
51 64 557918
37 61 26991
77 86 49770
5 68 170562
10 17 508821
30 84 930889
60 97 386405
8 71 700627
64 100 439548
33 65 680045
14 93 417476
70 78 434930
18 96 246304
1 56 665939
57 75 820764
21 53 392077
80 100 473046
11 67 378349
12 83 400064
33 50 844014
16 22 188915
73 75 906106
37 85 789243
2 89 86282
22 28 333490
61 79 525246
9 57 291932
12 34 101620
17 41 848635
20 98 135857
5 77 957373
10 24 814153
30 95 640251
23 100 801613
85 96 175765
32 84 540670
33 90 400186
14 36 41309
71 77 63910
18 91 710066
57 76 328842
58 66 973724
39 100 116289
80 91 714526
43 97 206667
26 43 757861
73 76 215243
54 62 865567
36 64 496692
2 80 87228
22 23 138187
26 90 225289
27 88 286157
30 55 416584
52 64 22032
17 34 546022
37 47 974176
42 58 806291
25 98 978180
6 76 925422
31 92 800302
92 94 496771
3 96 141000
50 61 489320
14 47 425154
90 100 557307
71 74 3631
18 82 617201
57 85 298962
58 77 479989
21 71 250472
80 82 462369
26 50 533784
46 49 544378
12 65 600907
36 79 876298
2 43 16858
58 60 120391
22 46 413859
5 46 969315
61 65 324134
62 81 177559
27 81 642247
30 62 238915
51 87 937845
17 27 510195
37 40 861172
6 71 827750
30 73 997251
13 47 314520
38 57 176166
11 25 656757
32 98 556136
33 84 32453
18 77 957620
57 94 54136
21 64 579585
4 8 852838
43 95 794367
26 61 791875
48 98 585767
46 56 832752
37 64 480140
2 34 327769
93 99 230551
22 33 937880
5 23 601209
61 90 402656
62 88 869484
30 33 676468
51 92 106311
52 86 173681
34 60 628881
42 44 660107
50 92 710173
13 40 455713
40 90 565090
4 96 872800
25 29 812313
8 99 107277
11 30 354085
1 4 494733
21 73 791376
22 73 971215
43 84 979966
68 84 427008
19 31 244166
2 61 577662
22 56 975628
62 67 365024
27 47 616646
30 40 622722
34 55 160264
15 75 252993
17 21 437106
52 93 249166
24 65 120404
6 49 328369
10 60 323123
31 75 155506
55 81 568993
40 65 558431
3 87 817728
65 79 905101
11 23 574058
1 29 567577
21 82 326178
44 85 402586
7 99 948556
46 74 989886
11 100 705468
15 35 657379
36 100 501100
5 25 901554
62 74 151240
9 94 437231
10 84 324969
34 78 497602
55 57 507100
76 98 473667
6 40 171012
50 78 577111
31 48 731159
18 39 925978
74 88 121015
75 90 978449
40 72 827271
64 94 293309
28 76 969798
54 98 332509
58 97 960066
78 100 860747
43 66 568959
44 76 439529
83 91 989637
47 65 631790
68 90 309015
69 84 930013
16 96 654849
15 40 771043
36 99 572882
19 45 981884
2 15 556831
24 32 339866
9 71 716777
27 61 724484
10 95 701151
47 54 918986
86 87 82705
15 89 870989
3 52 233051
24 79 125560
23 41 727284
25 71 997842
6 35 231831
10 46 199060
50 73 194350
13 83 549092
40 79 724842
3 69 168067
4 93 201670
64 85 34422
14 18 955037
39 62 363949
7 81 281905
47 78 856355
12 28 413498
15 49 241435
37 100 778751
19 50 100281
2 6 927389
41 97 303815
24 39 81813
5 11 532801
27 50 440296
9 72 546582
47 63 367927
34 64 874346
3 61 686257
6 26 790936
10 41 778878
31 38 795454
18 25 644570
38 92 270442
3 74 423251
8 31 11537
29 76 778482
14 21 690314
39 55 755406
46 95 398760
12 27 702859
69 70 181097
16 94 338024
17 96 78482
15 62 451514
24 46 451590
66 98 825712
86 97 269593
35 91 780904
24 93 910465
23 63 984438
6 29 724164
25 81 127620
32 45 226738
31 47 968167
13 69 257983
40 61 255747
4 67 441573
7 54 152810
29 69 919331
11 51 603486
53 79 496437
7 71 143197
47 92 637632
69 79 793644
56 76 123283
2 24 351422
10 72 181126
52 56 379517
35 64 983690
3 43 990803
25 90 6187
81 85 226048
82 93 982864
32 36 956215
39 84 602324
7 47 489416
29 94 16849
16 61 453952
90 92 408142
2 96 123191
9 18 620869
48 51 7730
56 83 739404
19 73 809634
2 19 329327
41 84 894573
9 99 69173
87 99 818301
91 100 700391
20 40 136428
3 16 670264
60 71 712161
6 15 813857
82 84 67965
45 96 872196
28 56 124268
39 77 932244
4 49 873866
8 52 939482
7 36 203445
48 91 937371
11 33 680727
29 87 827502
16 52 898676
53 81 349557
36 63 998041
54 65 6038
44 47 506028
9 27 149297
17 75 779265
56 90 990416
19 78 808377
20 64 589959
42 85 758307
27 30 257213
13 31 384813
34 100 500544
3 25 36867
59 84 802981
60 94 783727
25 36 552879
23 74 115373
45 89 310566
28 55 377310
50 100 846970
14 70 59783
70 99 937543
39 74 194189
7 29 718540
48 82 168373
16 43 827327
36 38 698466
1 76 764898
78 82 831867
9 28 610240
12 63 336998
56 97 275502
19 87 878790
76 92 97632
42 92 158779
30 96 991311
13 24 416817
3 30 445964
60 85 979024
25 45 260939
45 82 539343
32 73 706303
14 73 75828
21 25 171892
4 39 965756
63 73 685428
48 73 117615
33 46 76910
16 34 769234
73 87 991055
54 83 173492
78 85 613083
26 71 540391
15 27 237522
20 86 674421
41 79 33586
5 81 340744
6 97 34560
55 97 391275
3 7 450158
59 98 507961
23 88 335283
8 90 784583
45 75 472386
32 64 307993
13 98 277610
14 80 520934
71 97 85460
53 59 309735
1 45 923117
4 46 233755
8 41 849420
7 19 466864
48 64 626664
29 34 335210
12 94 542386
33 39 659171
16 25 941976
36 84 466097
78 92 453741
79 86 446706
9 14 574132
12 45 754260
17 62 463827
37 51 980076
20 93 386741
77 92 233432
42 78 792517
6 88 881246
10 23 948393
66 88 160822
3 12 841020
25 63 208651
45 68 923921
84 97 688187
85 93 613633
14 91 471442
71 94 667512
1 38 49023
4 21 562279
48 71 897647
12 85 433377
33 56 828108
72 77 615668
36 83 735194
2 95 945302
22 26 271920
5 50 616111
79 95 320581
26 73 600459
9 55 608144
77 85 879161
42 73 844607
24 31 911414
5 67 977097
8 72 692914
32 94 594248
89 99 171655
70 79 314139
71 87 680445
18 97 580722
1 63 355977
57 74 529215
38 100 97953
26 33 927110
63 100 959873
29 52 61421
12 76 379664
33 49 692456
16 23 556684
73 74 202493
36 90 590003
37 84 611105
22 29 474182
61 78 330479
26 80 945285
27 66 172398
9 56 225593
51 72 300073
17 40 683292
77 78 247896
42 48 816925
6 74 847382
67 72 254678
8 79 506834
32 85 29286
33 89 597427
71 76 70593
18 88 487303
1 48 450276
57 83 178175
58 67 825865
4 27 971129
80 92 158912
43 96 995871
12 75 632836
36 65 440036
37 93 381143
2 81 588543
5 36 620892
61 71 824511
26 91 175687
27 91 787438
30 52 122808
88 91 283371
51 81 352207
17 33 623672
37 46 244424
25 97 464911
49 91 637983
30 71 771261
31 95 59866
92 95 161984
3 99 220170
50 58 704716
33 82 948777
14 44 728476
57 84 396356
58 74 463289
21 70 146902
80 83 279987
26 51 844523
12 66 917183
2 40 494494
22 47 381453
61 64 517853
51 86 269340
52 72 203889
15 68 861457
6 68 837182
13 46 806362
18 59 838899
55 66 379942
38 62 617105
40 84 23649
64 74 856712
11 24 901244
32 99 490086
50 53 880399
21 79 388217
26 58 943232
44 96 366832
46 57 62827
29 31 627766
2 35 446848
93 98 610964
5 22 330287
61 89 210067
62 89 973137
27 41 336304
51 95 475346
34 61 947785
52 87 879000
23 29 784449
13 39 571884
31 77 666615
18 50 906320
74 87 575723
55 91 95068
3 81 34221
8 100 346643
11 17 32434
14 62 454943
1 27 199754
58 92 791436
44 95 927905
69 97 911812
51 55 707802
15 37 260104
19 30 84499
2 58 864782
37 72 426691
22 57 348876
5 31 608668
62 64 566161
9 84 564204
27 46 723670
30 41 487212
86 90 927508
52 94 298979
15 74 332908
17 20 970193
76 100 608891
10 61 222567
49 78 956468
13 32 281761
31 74 279581
18 45 350295
74 94 786120
40 66 585547
3 86 793110
38 40 765492
43 63 205423
65 78 616281
1 28 573191
21 81 363554
22 65 777813
78 98 554376
83 85 308805
15 34 11812
19 39 526763
94 98 531743
22 48 669032
5 24 867484
62 75 135976
9 93 511109
10 85 755978
27 39 496140
34 79 264675
15 83 468297
76 99 417684
49 71 914517
31 51 513286
35 52 717899
18 36 988852
74 89 303282
75 93 104459
3 95 172489
4 87 590394
43 52 280319
8 18 300268
28 77 90416
11 15 678950
1 21 887236
21 90 116216
44 77 994095
7 91 591955
83 90 461468
47 64 520446
68 91 981494
69 83 766134
15 43 447949
19 44 347503
2 12 537404
10 92 684634
15 88 865467
20 21 853522
3 55 731922
77 100 185380
50 70 38026
75 82 687765
38 90 738390
40 48 154170
43 45 962064
8 25 104025
14 19 771122
44 68 801200
7 80 186563
83 99 756111
46 85 357408
12 29 388749
15 48 464126
19 53 251338
2 7 51526
41 96 401360
24 40 774185
9 79 535915
10 71 59538
34 65 444204
3 60 923036
59 75 801867
6 27 342910
13 75 994096
18 22 33576
74 75 93048
38 93 59420
40 55 27389
4 69 926771
3 77 592817
7 56 457107
28 67 741696
11 61 621394
14 26 364225
89 91 265275
39 54 945732
44 67 173677
7 73 900260
46 92 737548
47 86 675140
68 73 220280
15 57 891506
56 70 922988
19 58 214781
93 95 637790
2 30 423924
10 78 843137
66 99 272320
35 90 708908
59 64 543099
24 94 142789
23 62 537746
6 18 781147
81 83 226953
82 99 548695
13 68 537067
31 46 273684
35 43 570848
40 62 308751
38 84 375128
4 76 181730
7 49 882547
63 84 847407
29 68 807969
14 29 907317
89 92 585198
39 47 997600
47 95 517169
12 19 98204
88 100 994376
69 78 32146
16 86 50996
17 88 425115
19 67 539550
2 25 685218
42 96 152239
24 54 476647
10 73 737659
52 57 389109
34 83 600639
56 60 76673
3 42 76135
60 73 127195
6 21 972297
82 90 848517
28 34 308700
39 87 652504
8 14 559692
63 93 618204
28 81 335389
11 43 389645
16 62 484049
90 93 408134
53 87 311193
36 49 537144
54 79 753452
2 97 895853
9 17 920296
48 52 44034
47 100 669652
16 77 124398
17 81 716266
41 91 213957
24 61 959108
9 98 348188
67 97 513586
87 98 285899
35 72 124910
25 34 149665
6 12 935507
82 85 657986
45 95 563365
49 100 346120
32 60 224182
74 100 483516
40 44 52557
4 50 378501
8 53 304017
7 39 323425
48 92 555447
11 32 321123
72 82 9155
53 80 763395
36 56 911239
1 74 682973
41 51 60668
27 96 868502
9 26 929884
15 20 132704
17 74 119060
19 81 27642
20 65 435936
41 92 863458
66 76 342540
96 97 284861
60 95 358188
25 43 247994
6 7 895284
23 69 404796
45 88 890368
84 85 848802
32 51 529390
14 71 33775
70 96 284761
21 31 536248
4 57 587916
8 60 471536
7 28 526417
63 67 821531
48 83 376247
11 89 660671
29 47 345197
54 89 825378
1 67 566069
36 39 116691
41 52 279519
12 56 814787
15 29 85220
17 67 150958
19 86 679588
20 72 900295
41 69 69039
10 98 779452
66 71 501668
30 97 958513
13 23 513567
60 86 885534
23 66 227712
8 84 359242
45 81 483919
84 92 399616
1 43 621873
21 24 10137
39 66 589952
4 32 183575
8 35 534541
63 72 257388
11 94 693277
16 35 55579
36 46 106268
54 80 163697
1 68 57707
2 74 251616
41 61 908941
26 68 479773
12 55 487983
15 26 478199
19 95 532769
76 84 860270
42 68 497127
5 80 832768
45 57 26756
66 94 692289
67 84 238401
55 96 702201
23 91 521756
25 53 567586
45 74 183025
84 91 254911
32 65 851154
13 97 933034
14 81 88192
70 82 342186
1 44 187395
21 33 584014
4 47 164726
8 42 267766
7 18 799272
48 65 425285
29 33 321457
11 87 397596
12 95 898233
33 38 7829
16 26 214672
1 93 778253
26 79 362358
9 13 645189
12 46 877431
17 61 544731
37 50 689466
20 94 584051
76 83 916735
77 91 297474
24 25 697992
5 89 873686
6 89 522361
42 79 812788
45 50 619882
10 20 74423
66 89 756354
49 55 281992
67 93 335590
31 99 217332
30 83 770414
35 100 876029
25 62 871025
8 66 613083
45 67 895770
28 29 108077
84 98 246021
32 88 817959
33 78 255384
70 85 433290
71 89 340264
1 37 841234
21 42 832631
4 22 363740
29 58 867021
72 78 90467
1 86 373922
2 92 208492
22 27 288651
26 86 618633
12 37 48064
51 66 686784
17 54 857296
37 59 859417
77 84 466571
42 54 429572
6 80 930535
10 31 121542
66 80 562180
60 99 387915
8 73 542656
14 35 962270
70 76 945524
18 94 449266
1 62 871741
57 73 601575
4 29 289149
26 46 416739
33 48 625715
37 83 670745
61 77 201901
26 81 521037
30 50 868973
17 47 999840
5 75 638473
6 75 203545
30 93 381296
31 81 3184
13 59 139492
55 79 266782
65 97 800276
32 86 383881
14 42 823917
18 89 338565
57 82 383217
21 60 604710
80 93 929643
43 99 147361
26 41 771673
36 66 484634
37 92 972098
5 35 94193
61 70 339847
26 88 877900
27 90 49150
30 53 946435
88 92 698344
51 80 979720
34 40 986147
17 32 631892
52 66 273856
37 45 449186
6 66 410932
55 68 753229
33 81 110222
14 45 245395
90 98 163963
18 80 305443
1 8 229810
58 75 679659
21 69 805640
80 84 703978
26 48 373230
68 96 610757
72 99 762362
36 73 331056
37 69 779372
2 41 896447
22 44 958817
5 44 237248
62 87 478530
27 83 342993
30 60 72788
51 89 38694
52 73 995725
34 35 827471
6 69 111822
49 83 219476
30 79 403938
31 71 83931
55 93 410478
38 63 279329
25 26 650566
28 97 371558
11 27 22283
32 100 351680
14 52 130469
58 82 695797
21 78 579991
43 81 638847
26 59 864605
46 62 237820
29 30 808594
19 24 268942
37 78 473164
22 39 146360
5 21 186596
61 88 207982
9 82 594957
27 40 58380
30 39 88798
51 94 918473
34 58 663102
15 76 475818
52 80 546057
23 28 247190
10 51 605014
50 90 604762
31 76 149849
13 38 956903
38 54 404332
4 98 856918
43 57 376150
33 99 254766
14 63 796211
18 66 125721
1 26 279378
58 93 61104
22 79 139504
44 88 940482
68 86 351985
15 36 693206
2 59 289185
22 62 884253
5 30 528687
62 65 277239
27 33 833560
30 46 207989
34 53 131139
15 85 384400
6 55 779202
10 58 940162
50 85 501400
13 95 119882
18 42 659460
38 41 387696
3 89 589492
43 62 885612
65 77 426242
58 100 319305
21 80 587883
22 70 732075
78 99 990329
43 79 351241
44 87 12218
83 84 91857
46 72 296301
51 63 665123
15 45 999736
19 38 312587
22 49 890515
5 7 988370
9 92 240579
10 82 564806
34 76 445156
15 82 93910
3 49 345922
6 46 509697
49 70 840204
50 76 263741
31 50 251990
35 55 910214
75 92 651113
3 94 532654
4 80 484989
8 19 688279
28 78 40399
1 20 857239
21 89 648031
22 89 403056
44 78 874716
83 93 239340
47 67 414267
16 98 587200
19 47 814012
24 34 328612
61 99 458540
9 69 129139
27 63 424953
47 48 860487
20 22 357905
3 54 498552
77 99 893515
23 43 710881
81 96 727670
10 44 791837
50 71 182136
13 81 24996
14 97 717867
31 59 686705
35 60 938392
18 28 259241
38 91 255648
40 49 671388
65 95 804624
28 69 489858
14 16 944944
22 80 117000
79 97 339765
7 83 532251
83 98 260928
46 90 133823
47 72 487873
12 30 640083
69 91 856426
56 64 872098
19 52 245871
37 98 488171
10 68 42372
47 57 48034
34 94 354530
35 84 886395
20 29 687696
3 63 351185
59 74 413314
24 88 986572
23 32 415769
6 24 970888
25 78 927263
32 40 35710
35 37 241106
18 23 35456
40 56 9291
4 70 516481
7 59 231814
28 92 615238
29 74 390558
11 60 33595
14 27 630879
89 90 421397
39 49 95129
47 81 832146
16 80 993172
15 56 297052
93 94 923848
10 79 199724
66 96 991388
20 36 299253
3 36 28102
59 67 444191
24 95 440844
25 87 448675
6 19 233639
81 82 571524
82 96 621213
32 47 543020
31 41 513349
13 67 528086
35 42 875039
39 89 732154
4 77 36815
7 48 277506
28 91 613896
11 53 654383
16 56 45966
53 77 426411
26 97 395
48 62 355954
69 77 558913
16 87 164769
56 78 755849
19 66 222889
2 22 262892
42 97 750378
24 55 877273
87 100 937492
52 58 546545
34 80 425500
91 97 694620
56 61 3451
20 35 381069
3 45 314691
60 74 228455
23 54 828153
82 91 160459
49 98 187197
39 86 905266
4 52 229039
8 15 533440
7 41 924001
63 92 256904
28 82 32470
16 63 606011
36 50 296591
44 50 360288
9 16 53745
17 80 158206
2 17 521743
41 90 527683
24 62 656186
5 100 596953
9 97 52660
67 96 467218
20 42 413044
3 18 577863
60 65 260346
23 79 932343
45 94 963267
32 61 10995
38 71 507265
39 79 198932
4 51 741121
8 54 69874
48 93 905068
29 85 393537
72 83 934669
53 95 11976
36 57 248505
41 50 102015
27 99 694255
9 25 20064
17 73 516491
15 23 49379
56 92 222791
20 66 537652
41 67 69113
42 83 129071
66 77 859280
13 29 42466
34 98 82636
96 98 831872
3 27 680927
60 88 177704
25 42 404956
45 87 405507
28 49 19181
84 86 825641
32 52 222704
14 68 680646
70 97 238462
53 55 78627
4 58 134488
8 61 256403
48 84 64514
11 88 392128
29 46 800259
33 43 987242
16 45 585114
72 90 945490
53 88 592488
54 94 963694
1 66 506874
78 80 970758
12 57 534358
17 66 655445
15 28 446687
56 99 311785
19 89 619513
76 94 31794
42 90 387334
5 86 141661
45 63 767479
20 56 852399
25 51 17601
84 93 561442
32 75 670397
14 79 93582
70 88 749941
1 42 298812
21 39 35930
4 33 335125
95 96 101888
7 20 553922
63 75 553238
48 75 112687
29 39 984020
33 44 742523
73 85 525831
36 47 778844
2 75 905897
41 60 781281
12 48 53834
17 59 710086
19 94 541151
20 80 975780
41 77 598263
42 69 853952
45 56 977857
66 95 753398
67 87 691181
49 61 200603
3 9 953611
59 100 282751
8 92 62735
84 100 905873
32 66 504679
13 96 713443
53 57 763572
71 99 639145
1 35 361621
57 62 587226
4 40 780106
8 43 698094
48 66 958157
29 32 619940
12 88 317988
16 27 676336
36 86 112357
2 66 45436
12 47 696620
17 60 57592
37 49 266097
20 95 382820
77 90 323998
42 76 636420
5 88 46084
6 94 885316
45 49 721670
10 21 939792
66 86 364082
31 98 913704
25 61 190297
8 67 162568
45 66 988751
28 30 573685
84 99 688523
85 91 340902
33 77 167614
14 89 490705
70 74 999650
18 100 147377
57 71 29255
4 23 531025
80 96 374845
26 36 557967
7 10 138960
12 87 439965
16 18 348756
72 79 135332
36 93 79605
1 85 154039
26 87 212213
37 58 416785
24 97 93482
42 55 660577
6 81 917199
5 65 490664
10 28 840159
66 81 777034
67 69 443354
30 91 322534
40 97 455580
8 74 972424
85 100 787389
33 70 378424
14 32 118096
89 97 795027
70 77 445159
71 81 688186
1 61 211117
18 95 414474
58 70 681053
21 50 886333
57 72 990389
26 47 723076
11 68 570628
36 68 981131
37 82 222778
5 57 62859
61 76 172694
26 94 686242
9 62 22862
27 68 562329
30 51 121315
51 74 555793
17 46 842826
6 72 475065
30 66 929262
13 58 791556
31 80 739418
55 78 864176
23 97 951961
65 96 977739
14 43 129233
18 86 859780
1 54 294309
58 65 414990
21 59 105126
4 5 819022
39 97 560167
12 69 802274
54 61 116918
36 67 862322
2 47 185563
22 42 307021
5 34 359118
9 39 551909
27 93 347725
30 58 665781
88 93 345788
51 83 515433
34 41 926023
37 44 721900
42 57 847858
10 14 603854
31 89 130453
13 51 701692
14 50 44033
90 99 533031
18 81 161265
57 90 339794
58 72 40002
21 68 213316
4 12 481363
43 91 182399
26 49 180289
68 97 549940
2 38 26491
22 45 386390
61 94 676292
27 82 17329
30 61 712103
51 88 701674
52 74 235891
17 24 640304
6 58 427344
18 57 74709
38 60 74694
64 76 154808
28 98 388836
11 26 115755
14 53 834666
58 83 443679
43 80 881007
26 56 831020
44 98 267940
37 77 290362
93 96 35547
2 33 858132
22 36 449967
5 20 375403
61 87 510854
9 81 757016
27 43 668388
15 79 166142
42 43 582265
23 31 891251
10 48 134434
13 37 438087
31 79 62070
74 85 297946
55 85 484925
40 93 913940
3 83 599627
43 56 949323
11 19 841621
33 98 32306
14 60 850975
18 67 823910
1 25 623654
58 90 498275
21 86 566156
22 76 645459
43 73 413665
11 96 623550
51 57 629798
15 39 142133
19 32 497012
2 56 991302
22 63 710321
98 100 189150
5 29 527193
62 70 4564
27 32 515522
9 90 204489
30 47 147880
86 88 991387
52 88 735752
55 61 152268
24 68 384044
10 59 759049
13 94 21752
31 52 427460
74 92 984773
40 68 483734
3 88 793641
43 49 806102
64 90 146123
65 76 972235
21 95 963983
78 96 616706
43 78 355777
44 80 144342
7 92 452702
83 87 797791
46 73 557660
47 69 406890
68 94 435576
15 44 913797
2 51 532785
94 96 743775
22 54 778891
27 57 967495
34 77 223757
15 93 145373
55 58 249153
59 63 440812
24 75 79841
23 45 427930
6 47 671813
49 69 469862
50 77 152015
31 61 962239
13 87 536506
35 54 392313
18 34 14051
40 75 930997
3 65 725985
4 81 505612
43 54 151909
28 79 335077
54 97 284651
21 88 853145
22 94 183480
43 71 643893
7 85 756720
83 92 552225
46 80 863849
12 96 556161
68 69 92614
19 46 673824
2 10 691126
24 35 497103
5 15 258141
61 98 527255
9 68 943888
27 62 151914
34 68 371063
3 57 348259
77 98 707835
24 82 577867
23 42 693545
18 29 914993
75 84 86040
40 50 684712
38 88 603661
3 70 56320
8 27 399959
7 61 48236
39 59 411047
79 96 903016
26 28 455206
44 70 802698
7 82 977219
47 75 463390
12 31 330972
68 76 428157
69 90 242950
15 50 219829
56 65 588189
37 97 815746
24 42 244862
9 77 278499
27 55 291405
47 56 790247
52 53 267616
35 87 536186
20 30 994464
3 62 212642
59 77 125349
23 35 207700
6 25 835627
25 77 615186
28 46 275398
35 36 785139
40 57 604186
4 71 892504
65 87 292752
28 93 689917
29 73 783624
14 24 426095
53 67 715080
7 75 635341
46 98 516323
47 80 23130
12 22 512422
48 56 584482
16 81 908346
15 59 676323
2 28 739943
62 98 41381
66 97 514784
86 100 220503
52 60 990795
3 39 773078
59 66 249160
60 76 206902
25 86 483679
6 16 261116
23 56 578177
28 37 775233
31 40 844352
35 45 991806
4 78 139910
7 51 298290
63 86 426876
28 84 21774
16 57 418168
39 41 466920
22 99 641884
44 52 260196
7 64 59591
48 63 248913
47 89 490398
12 13 559260
17 94 158279
41 80 101510
52 59 878486
91 96 54302
56 62 518251
59 91 845904
23 49 381107
6 11 955555
45 100 760039
32 39 955139
38 77 399965
8 48 920635
63 95 231317
28 83 84746
90 91 246646
53 85 494734
54 77 252805
44 51 112088
48 54 824711
51 99 171469
16 79 318284
17 87 878362
20 68 860752
67 99 121340
20 43 444168
59 80 114263
60 66 161636
25 32 668586
82 83 949874
45 93 493420
28 59 987237
32 62 142330
14 66 635205
38 68 276340
39 78 370557
4 60 110122
40 46 314210
7 33 803497
63 68 625118
48 94 207324
29 84 823617
11 34 166882
16 55 888298
53 94 99952
36 58 150949
54 68 371975
1 72 987814
41 49 506114
9 24 67667
27 98 664181
16 70 933386
15 22 322779
17 72 801268
56 93 577472
19 83 898053
20 67 122820
41 66 686266
42 80 988123
13 28 568554
34 99 487255
92 96 672074
20 50 793995
96 99 612426
23 71 435730
25 41 799420
45 86 731452
28 50 170164
84 87 206079
32 53 189436
50 99 636674
14 69 793159
39 71 692850
21 29 818587
8 62 86919
7 30 449305
63 77 766319
48 85 681552
11 91 865359
29 45 30092
33 42 29144
16 46 772054
73 83 69765
54 95 590668
12 58 708937
15 31 349932
19 88 494222
41 75 93084
42 91 8218
5 85 937139
45 62 115523
10 96 549355
66 69 315162
49 59 267535
13 21 319263
25 50 749853
70 89 91665
1 41 206717
21 38 18080
4 34 598668
63 74 598172
48 76 479194
29 38 120125
73 84 605352
54 86 824350
1 90 153072
2 72 525781
36 40 609314
78 88 621062
26 66 476703
9 10 772676
12 49 107241
15 100 363040
37 55 647122
76 86 265524
42 66 103909
5 94 13457
6 100 601800
45 55 551882
67 86 521834
49 60 444827
13 14 763957
31 100 699945
55 98 19196
25 59 714935
45 72 725583
33 75 90567
14 87 352150
70 80 178643
71 98 569831
57 61 468800
4 41 794803
8 44 297883
36 87 668034
5 54 564785
27 73 401127
12 40 127154
17 51 535109
76 77 545715
77 89 445124
24 27 568367
5 71 680826
6 95 61342
42 77 653945
66 87 180769
67 95 800016
49 53 450200
23 82 231645
25 60 577235
45 65 531728
28 31 987452
85 90 373586
33 76 91138
14 94 626814
71 91 337267
57 70 630870
38 96 18592
21 40 598483
4 16 391043
80 97 947474
26 37 375597
16 19 375469
2 90 800161
22 25 816
79 88 602106
26 84 619265
9 52 191609
12 39 293643
17 52 818056
37 57 750016
42 52 762180
5 64 266182
6 86 832792
24 98 823249
10 29 828026
67 68 744376
30 88 476757
85 99 31066
32 81 148194
33 69 18795
89 96 220776
1 60 363399
58 71 416816
4 31 723832
80 88 140663
36 69 803687
37 81 44386
61 75 393289
9 61 835764
51 77 540729
17 45 498632
5 73 165637
6 73 933168
67 77 600010
30 67 741519
31 83 498076
55 73 408513
33 94 575249
14 40 703920
71 73 200588
18 87 399036
80 95 917548
26 55 821169
46 50 739648
2 44 648468
61 68 447978
27 92 322317
9 38 505556
30 59 868052
88 94 69224
34 38 70083
17 38 529347
52 76 342508
37 43 38355
6 64 348573
10 15 564441
49 88 968675
31 88 910108
40 80 629013
38 58 291288
28 100 757657
50 57 724654
14 51 238390
1 14 397582
57 89 872809
58 73 283255
21 67 959184
43 90 454137
26 62 607292
44 100 97809
36 75 671132
19 21 876570
2 39 940258
37 67 360554
97 99 15459
5 42 989064
62 85 615279
27 85 315316
9 47 79148
30 34 873612
51 91 191219
52 75 602871
15 65 11700
49 81 852049
30 77 589417
13 43 599034
18 54 633240
55 95 683836
38 61 23010
40 87 677735
8 96 854589
64 77 142779
28 99 221621
11 29 337772
14 58 583254
18 73 609440
1 7 737558
58 80 258537
21 76 918027
43 83 853594
26 57 734201
46 60 132453
73 98 281940
37 76 736257
2 62 734936
22 37 994312
61 86 509706
62 92 283534
9 80 873507
27 42 334258
30 37 594013
52 82 229469
34 56 151957
6 50 489158
10 49 355554
49 74 614083
31 78 183110
13 36 830110
18 49 134173
55 84 86401
64 68 378678
65 74 838139
29 100 145645
14 61 769207
18 64 507270
1 24 202899
22 77 440989
43 72 190495
44 90 623571
46 71 539310
11 99 737623
51 56 900332
22 60 463095
9 89 461432
30 44 567053
52 89 424644
34 51 662097
55 60 183187
24 69 476641
10 56 354495
49 67 577433
31 55 729086
13 93 839212
35 48 257597
18 40 757831
74 93 256832
75 89 712133
38 47 831039
3 91 548540
43 48 377992
64 91 277199
1 17 788494
58 98 610498
21 94 774864
22 68 834369
78 97 445454
43 65 203015
44 81 213162
83 86 870859
68 95 598949
69 87 87834
36 96 271830
19 40 399935
2 48 493990
94 97 712540
22 55 966512
62 78 843065
9 66 946783
10 80 352674
34 74 777639
15 92 915174
3 51 516369
59 62 23826
6 44 736333
49 68 155302
50 74 496902
13 86 643788
35 57 451384
18 35 655490
4 82 985927
8 21 444924
64 82 307127
28 72 693044
14 15 915731
22 95 345743
83 95 567266
46 81 730497
47 77 677320
68 70 6375
15 52 427955
2 11 746011
24 36 207890
5 14 633725
61 97 439251
9 75 51717
27 49 109209
87 91 32226
34 69 650837
35 81 359038
24 83 206330
25 75 722286
50 69 766093
13 79 60309
18 26 883656
75 87 569564
40 51 330105
7 60 643464
65 93 731883
11 57 218713
29 79 838464
1 99 965181
22 86 36932
44 71 647499
47 74 65729
12 24 150917
68 77 112735
69 89 655180
15 61 283828
56 66 572117
37 96 686877
19 54 815235
24 43 693652
27 54 447540
9 76 764829
10 66 378749
47 59 218115
86 98 962783
34 92 987101
3 33 30921
59 76 696621
24 90 870474
23 34 762599
28 47 956517
32 42 922527
31 34 701012
38 80 693204
3 78 720607
4 64 881512
40 58 432255
7 53 34113
65 86 405890
14 25 66102
1 100 485724
44 62 998063
7 74 340361
48 57 659366
47 83 378000
12 23 103578
16 82 214097
15 58 509507
56 73 439037
42 100 225057
62 99 459514
34 87 357555
35 95 721102
52 61 693245
59 69 42555
60 77 137470
6 17 227487
82 94 508115
32 33 465380
35 44 38457
38 75 773883
39 91 99280
4 79 824231
7 50 603978
63 81 616540
28 85 428984
53 75 670158
54 75 479727
22 96 26453
44 53 672783
16 73 598293
56 80 123863
19 68 887055
2 20 505357
41 87 865817
35 68 556155
91 99 628879
56 63 269494
3 47 580820
59 90 423180
60 68 677568
25 94 690690
6 8 31457
23 48 900674
28 61 746037
49 96 968000
32 56 246649
39 80 593820
8 49 144019
7 43 370323
63 94 685461
11 44 545974
29 90 496004
16 49 607798
36 60 763879
54 66 406039
48 55 753548
47 97 618855
16 64 599086
56 87 953823
20 69 681293
42 86 262942
5 98 715666
27 29 710633
20 52 951578
3 20 615412
60 67 814630
25 39 296090
23 73 782888
14 67 719884
40 47 438701
39 73 907225
38 69 751931
4 61 498632
8 56 646534
7 32 138094
63 71 948859
48 95 284341
29 83 440969
16 40 167960
72 85 985836
53 93 994579
54 69 471610
1 79 823184
36 59 790792
41 48 198231
78 79 749741
56 94 889931
19 82 105690
20 76 829793
41 65 29356
42 81 538794
66 75 125226
13 27 482328
34 96 853274
3 29 445009
60 90 614023
8 80 40392
45 85 978778
