3998
0 4170
0 -260
-5780 0
-5250 0
0 -4690
6030 0
-870 0
8070 0
1170 0
0 6650
0 2220
0 -9300
-8690 0
0 -2210
3120 0
0 9310
-3780 0
-1740 0
9540 0
2640 0
0 4700
0 -6820
0 270
-7220 0
4590 0
6630 0
-2310 0
-270 0
0 -4340
0 7180
0 2750
0 -8770
-5220 0
6060 0
-3180 0
8100 0
0 5230
1200 0
0 -6290
0 9660
0 800
0 -3810
-3750 0
5190 0
-1710 0
0 3280
7230 0
0 7710
0 -8240
-8610 0
0 -1330
0 5760
-4620 0
0 -5760
6660 0
-240 0
0 1150
0 -3280
0 8240
3750 0
0 -7710
-3150 0
-1110 0
0 3630
0 -800
0 -5230
5220 0
-6060 0
7260 0
-1680 0
0 6110
360 0
0 1680
0 -9840
0 -2750
0 8770
-9500 0
2310 0
-4590 0
-2550 0
0 4160
0 -7360
1830 0
0 -270
8730 0
0 -4880
0 6640
5820 0
-3120 0
0 2210
-1080 0
-7500 0
0 -9310
0 -2220
0 9120
0 4690
-6030 0
0 -6830
-3990 0
0 260
7290 0
390 0
0 -4350
0 7170
0 2740
4380 0
-4560 0
0 -8780
-2520 0
9290 0
-9420 0
0 -1870
0 9650
0 5220
0 -6300
-5430 0
5850 0
-1050 0
0 610
0 -3820
0 7700
0 -8250
2940 0
0 3090
-3960 0
-1920 0
0 -1340
0 -5770
0 5570
4410 0
-6870 0
0 1140
-2490 0
-450 0
0 -3290
0 8230
9320 0
0 3620
0 -7900
-5400 0
0 -810
-3360 0
5880 0
1020 0
1550 0
0 -5420
0 6100
0 1670
-8310 0
0 -9850
5010 0
0 -2760
-3930 0
-1890 0
9920 0
3020 0
0 8580
0 4150
0 -7370
0 -280
-6840 0
-4800 0
-420 0
0 -4890
4490 0
0 6630
0 2200
0 -9320
3570 0
-5370 0
-3330 0
0 -2410
8480 0
0 9110
1580 0
0 4680
0 -6840
0 70
5040 0
-6240 0
-1860 0
0 -4360
0 7160
9950 0
3050 0
0 -8790
0 2550
2130 0
0 -1880
-4770 0
0 9640
7040 0
0 -6310
0 5030
0 600
3600 0
0 -3830
-7680 0
-3300 0
0 7690
8510 0
1610 0
0 3080
0 -8440
0 -1350
5070 0
-6210 0
-4170 0
5600 0
9980 0
740 0
0 5560
0 -5960
0 1130
0 -3300
-9120 0
-4740 0
-2700 0
7070 0
0 8040
9110 0
0 3610
2210 0
0 -7910
-9600 0
0 -820
-7650 0
-5610 0
0 -5430
0 6090
8540 0
-700 0
0 1660
0 -9860
3680 0
0 -2950
-6180 0
0 8570
-4140 0
0 4140
0 -7380
7670 0
770 0
0 -470
0 -4900
0 6620
-7050 0
-2670 0
0 -9330
-2140 0
9140 0
2240 0
0 2010
0 -2420
0 9100
1320 0
0 -6850
-5580 0
6230 0
-670 0
0 4490
0 60
0 -4370
0 7150
-8490 0
-4110 0
7700 0
0 2540
800 0
0 -8980
9740 0
0 -1890
0 9630
-7020 0
4790 0
0 5020
0 -6500
-2110 0
0 590
-70 0
9170 0
0 -3840
0 7500
-9930 0
-5550 0
0 3070
6260 0
0 -8450
8300 0
-640 0
0 -1360
1400 0
0 9980
0 5550
0 -5970
-6420 0
0 1120
7730 0
-1510 0
9770 0
2870 0
0 -3490
0 8030
0 3600
0 -7920
6860 0
-40 0
0 -1010
0 -5440
0 6080
0 -9870
-7860 0
0 1470
-2950 0
8330 0
1430 0
0 -2960
0 8560
-9850 0
0 4130
0 -7390
-6390 0
5420 0
0 -480
-1480 0
9800 0
0 -4910
0 6610
-8380 0
-9300 0
0 2000
0 -9520
-4390 0
0 -2430
6890 0
-10 0
8930 0
0 9090
-6910 0
0 4480
0 -7040
-7830 0
0 50
3980 0
-2920 0
0 -4380
-880 0
8360 0
0 6960
0 2530
0 -8990
0 -1900
-6360 0
5450 0
7490 0
-1450 0
590 0
-8350 0
0 9440
0 5010
0 -6510
0 580
-4360 0
6920 0
-2320 0
8960 0
0 -4030
2060 0
0 7490
-9220 0
0 3060
0 -8460
0 -1550
-2890 0
6050 0
-850 0
0 5540
0 -5980
-7750 0
0 9970
0 930
0 -3500
-3760 0
7520 0
0 8020
620 0
0 3590
0 -7930
-6280 0
0 -1020
4610 0
-4330 0
0 -5450
-2290 0
0 6070
8990 0
-9190 0
0 1460
0 -2970
0 8550
-5200 0
6080 0
8120 0
-820 0
-7720 0
0 3940
0 -7580
0 -490
0 -4920
3170 0
-3730 0
7550 0
-1690 0
0 6420
0 1990
0 -9530
0 -2440
4640 0
0 8900
6680 0
-2260 0
0 4470
-220 0
0 -7050
-9160 0
0 40
0 -4570
-5170 0
6110 0
-3130 0
0 2520
0 6950
1250 0
8150 0
0 -9000
0 -2090
0 9430
0 5000
5240 0
-3700 0
0 -6520
-1660 0
-8560 0
0 390
0 -4040
0 7480
0 3050
0 -8470
-4570 0
6710 0
-190 0
-7090 0
0 -1560
0 9960
0 5530
0 -5990
3800 0
-3100 0
8180 0
-1060 0
8710 0
0 920
0 -3510
0 8010
0 -7940
5270 0
0 3400
-1630 0
410 0
0 -1030
-8530 0
0 -5460
2360 0
0 5880
-4540 0
0 1450
-2500 0
6740 0
0 -2980
0 8360
0 3930
3830 0
0 -7590
0 -500
-3070 0
-1030 0
-9970 0
0 -5110
0 6410
0 1980
0 -9540
5300 0
-5980 0
-3940 0
440 0
970 0
0 -2630
0 8890
0 4460
0 -7060
4430 0
-4510 0
-2470 0
0 -150
9340 0
-9370 0
2440 0
0 -4580
0 6940
0 2510
0 -9010
-1000 0
0 -2100
0 9420
-7900 0
3910 0
0 4990
0 -6530
2990 0
0 380
-3910 0
7900 0
0 -4050
0 7470
0 -8480
0 2860
4460 0
0 -1570
0 9950
-2440 0
0 -6000
-9340 0
9370 0
2470 0
0 5340
0 910
0 -3520
-5350 0
-3310 0
6460 0
0 7820
0 3390
0 -8130
0 -1040
-3880 0
7930 0
9970 0
0 -5650
0 5870
0 1440
-6790 0
-4750 0
0 -3170
0 8350
9400 0
0 3920
0 -7600
0 -690
-5320 0
-3280 0
0 -5120
0 6400
6490 0
8530 0
1630 0
0 1970
0 -9550
0 -2640
0 8880
0 4450
0 -7070
7960 0
-8710 0
3100 0
0 -160
0 -4590
0 6930
-4720 0
7090 0
0 -9020
190 0
0 2320
0 -2110
0 9410
0 -6540
-3250 0
8560 0
0 4800
1660 0
0 370
-5240 0
0 -4060
-6160 0
5650 0
0 7280
-1250 0
0 2850
790 0
0 -8670
0 -1580
0 9940
-4690 0
0 5330
0 -6190
7120 0
9160 0
220 0
0 900
2260 0
0 -3710
-7600 0
0 7810
4210 0
0 3380
0 -8140
8590 0
3730 0
0 -1230
0 -5660
0 5860
-6130 0
0 1430
5680 0
7720 0
-1220 0
820 0
0 -3180
0 8340
0 3910
0 -7610
7150 0
9190 0
250 0
2290 0
0 -700
-8990 0
0 -5130
0 6390
0 -9560
6280 0
0 1780
-620 0
0 -2650
-7520 0
0 8870
0 -7080
0 4260
7750 0
0 -170
-1190 0
850 0
9790 0
0 -4600
-6050 0
0 6740
-6970 0
0 2310
4840 0
0 -9210
-2060 0
0 -2120
9220 0
-8960 0
0 9400
0 4790
0 -6730
0 360
6310 0
8350 0
-590 0
1450 0
-7490 0
0 -4250
0 7270
0 2840
0 -8680
-8410 0
-3500 0
7780 0
9820 0
0 9750
2920 0
0 5320
0 -6200
0 890
-6940 0
6910 0
-2030 0
10 0
0 -3720
0 7800
-8930 0
0 3370
0 -8150
-5470 0
-4940 0
0 -1240
8380 0
-560 0
1480 0
0 -5670
0 5850
-9800 0
0 1240
5470 0
0 -3190
-3470 0
-1430 0
0 8330
0 -7620
-8330 0
9850 0
0 3720
0 -710
0 -5140
-2000 0
6940 0
40 0
-6860 0
0 6200
0 1770
0 -9750
0 -2660
0 8860
4030 0
-2870 0
8410 0
-9770 0
0 4250
0 -7270
0 -180
5500 0
7540 0
-1400 0
0 -4790
640 0
0 6730
-8300 0
0 2300
0 -9220
0 -2130
0 9210
-4310 0
6970 0
70 0
0 4780
2110 0
0 -6740
0 350
0 -4260
6100 0
-2840 0
0 7260
-800 0
0 2830
0 -8690
-9740 0
0 -1780
0 9740
0 5310
-5750 0
0 -6210
-1370 0
7570 0
670 0
-6230 0
5580 0
0 700
0 -3730
0 7790
4660 0
-4280 0
0 -8160
-2240 0
9040 0
9570 0
-9140 0
0 3180
0 -1250
0 -5680
6130 0
-2810 0
0 5660
-770 0
0 1230
-7670 0
0 -3200
0 8320
3220 0
-3680 0
0 3710
7600 0
0 -7810
0 -720
5610 0
0 -5330
4690 0
0 6190
0 1760
-2210 0
-170 0
-9110 0
0 -2670
9600 0
0 -9760
0 8670
0 4240
0 -7280
-5120 0
6160 0
0 -190
-740 0
-9980 0
0 -4800
0 6720
0 2290
0 -9230
-3650 0
-1610 0
-8510 0
3300 0
0 -2320
0 9200
0 4770
0 -6750
-6560 0
-2180 0
-140 0
0 160
9630 0
-7040 0
0 -4270
4770 0
0 7250
0 -8700
3850 0
-5090 0
0 2640
-3050 0
8760 0
0 -1790
0 9730
1860 0
-9950 0
0 -6220
6240 0
0 5120
5320 0
0 690
-3620 0
-1580 0
0 -3740
0 7780
-8480 0
3330 0
0 3170
2410 0
0 -8350
0 -1260
-4490 0
7320 0
-110 0
4800 0
0 5650
0 -5870
0 1220
3880 0
0 -3210
-3020 0
8790 0
-9920 0
1890 0
0 8130
0 3700
0 -7820
0 -730
5350 0
-5930 0
-1550 0
3360 0
0 -5340
0 6180
0 1750
0 -9770
-4460 0
7350 0
0 -2860
0 8660
-9320 0
9390 0
2490 0
0 4230
0 -7290
0 -380
-2990 0
0 -4810
0 6710
8820 0
1920 0
-7850 0
3960 0
0 -9240
0 2100
0 -2330
0 9190
-3860 0
0 -6760
7950 0
1050 0
5430 0
0 4580
0 150
0 -4280
0 7240
-2390 0
9420 0
-9290 0
2520 0
0 2630
-4380 0
0 -8890
0 -1800
0 9720
-5300 0
-390 0
0 5110
0 -6410
3990 0
0 680
0 -3750
-3830 0
0 7590
7980 0
1080 0
0 3160
0 -8360
-5820 0
0 -1270
-6740 0
-2360 0
0 5640
-1830 0
0 -5880
0 1210
2550 0
9450 0
0 -3400
0 8120
-5270 0
0 3690
6540 0
0 -7830
-360 0
8580 0
1680 0
0 -920
0 -5350
0 6170
-3800 0
0 -9780
8010 0
1110 0
3150 0
0 1560
-8130 0
0 -2870
0 8650
0 4220
0 -7300
7140 0
-1800 0
240 0
0 -390
4620 0
-6660 0
0 -4820
0 6700
8610 0
-330 0
0 2090
1710 0
0 -9430
0 -2340
-5190 0
0 9180
-9570 0
-6110 0
0 4570
0 -6950
0 140
-1200 0
3180 0
0 -4290
-8100 0
0 7050
0 2620
0 -8900
7170 0
0 -1810
270 0
9210 0
-6630 0
0 9530
0 5100
0 -6420
-7550 0
0 670
-2640 0
8640 0
1740 0
-9540 0
3780 0
0 -3940
0 7580
0 3150
0 -8370
-6080 0
5730 0
7770 0
-1170 0
870 0
0 -1460
-8070 0
5250 0
0 5630
0 -5890
-4080 0
0 1020
7200 0
300 0
9240 0
2340 0
0 -3410
0 8110
-8940 0
0 3680
0 -7840
0 -930
-2610 0
-570 0
0 -5360
3810 0
0 6160
-7470 0
0 1550
0 -9970
0 -2880
-1140 0
7800 0
900 0
0 8640
-6000 0
0 4030
0 -7490
0 -400
0 -4830
-2010 0
9270 0
2370 0
-8910 0
0 6510
0 2080
0 -9440
0 -2350
6360 0
8400 0
-540 0
0 8990
1500 0
-7440 0
0 4560
0 -6960
0 130
-3450 0
7830 0
930 0
0 -4480
2970 0
0 7040
0 2610
0 -8910
4920 0
0 -2000
6960 0
-1980 0
0 9520
60 0
0 5090
0 -6430
4440 0
-8880 0
0 480
0 -3950
-4890 0
0 7570
-510 0
0 3140
1530 0
0 -8380
8430 0
-9750 0
0 -1470
0 5620
-3420 0
0 -5900
-1380 0
3000 0
-8280 0
0 1010
0 -3420
0 8100
0 -7850
6990 0
-1950 0
90 0
0 3490
-6810 0
5000 0
0 -940
0 -5370
-2820 0
0 5970
8460 0
1560 0
-9720 0
0 1540
0 -9980
6470 0
0 -2890
0 8450
5550 0
-1350 0
0 4020
690 0
0 -7500
0 -410
-8250 0
0 -5020
0 6500
-4260 0
7020 0
0 2070
120 0
0 -9450
0 -2540
0 8980
0 4550
0 -6970
-2790 0
-750 0
9020 0
-9690 0
4160 0
0 -60
0 -4490
0 7030
0 2600
-5700 0
0 -8920
-1320 0
720 0
0 -2010
5630 0
0 9510
0 5080
0 -6440
-4230 0
-2190 0
0 470
-9090 0
2720 0
0 -3960
7100 0
0 7560
0 -8390
-2760 0
0 2950
-720 0
0 -1480
-7620 0
4190 0
0 -5910
0 5430
0 1000
-3630 0
750 0
0 -3430
1280 0
5660 0
0 7910
0 3480
0 -8040
4740 0
0 -950
-2160 0
9650 0
-9060 0
2750 0
0 -5560
0 5960
0 1530
0 -9990
-5070 0
-690 0
0 -3080
4220 0
0 8440
0 4010
0 -7510
-3600 0
8210 0
0 -600
-8460 0
3350 0
0 -5030
0 6490
0 2060
0 -9460
-6510 0
-2130 0
0 -2550
0 8970
9680 0
2780 0
0 4540
4820 0
0 -6980
-6990 0
0 -70
-5040 0
-3000 0
6770 0
0 -4500
0 7020
-9900 0
1910 0
0 -8930
6290 0
0 2410
0 -2020
-3570 0
0 9500
0 -6450
-8430 0
3380 0
0 4890
0 460
0 -3970
-4440 0
470 0
0 7370
4850 0
0 2940
0 -8580
0 -1490
-2970 0
8840 0
-9870 0
1940 0
0 5420
0 -6100
-4960 0
0 990
-5880 0
0 -3620
0 7900
-970 0
0 3470
3410 0
0 -8050
0 -1140
-4410 0
0 -5570
0 5950
7400 0
500 0
0 1520
2540 0
0 -3090
-7320 0
0 8430
-2940 0
0 4000
0 -7520
8870 0
1970 0
4010 0
0 -610
0 -5040
-5850 0
0 6480
0 -9470
-940 0
1100 0
0 1870
5480 0
0 -2560
0 8960
0 -6990
9470 0
530 0
0 4350
2570 0
0 -80
0 -4510
0 6830
-340 0
0 2400
0 -9120
4040 0
0 -2030
-7240 0
0 9490
0 4880
0 -6640
8030 0
-910 0
0 450
1130 0
-5770 0
0 -4160
0 7360
-6690 0
0 2930
0 -8590
-1780 0
9500 0
2600 0
-8680 0
0 -1680
0 9840
0 5410
0 -6110
0 980
6590 0
-310 0
1730 0
-7210 0
0 -3630
0 7890
0 3460
0 -8060
-3220 0
8060 0
1160 0
0 -1150
3200 0
-5740 0
0 -5580
0 5940
0 1330
-1750 0
290 0
-8650 0
0 -3100
4670 0
-6610 0
0 8420
0 -7530
9530 0
0 3810
-4660 0
0 -620
-280 0
8660 0
1760 0
0 -5050
-7180 0
-5140 0
0 6290
0 1860
0 -9660
-3190 0
0 -2570
-1150 0
0 8950
3230 0
-8050 0
0 4340
0 -7180
0 -90
7220 0
-1720 0
320 0
-8620 0
-6580 0
0 -4700
0 6820
0 2390
0 -9130
0 -2040
-2590 0
8690 0
1790 0
0 9300
-9490 0
0 4870
0 -6650
0 440
5780 0
-1120 0
920 0
0 -4170
0 7350
-8020 0
0 2920
0 -8600
0 -1690
-4030 0
7250 0
350 0
0 5400
2390 0
0 -6120
-6550 0
0 9830
0 790
0 -3640
-2560 0
0 7880
-520 0
0 -8070
8720 0
3860 0
-7420 0
-9460 0
0 3270
0 -1160
0 -5590
7850 0
-1090 0
950 0
-7990 0
0 5750
-5950 0
5860 0
0 1320
0 -3110
0 8410
-1960 0
2420 0
-8860 0
0 3800
0 -7720
7330 0
0 -630
6410 0
-490 0
0 -5240
0 6280
-7390 0
0 1850
-9430 0
0 -9670
0 -2580
0 8760
-3400 0
7880 0
0 4330
980 0
0 -7190
0 -100
-5920 0
5890 0
0 -4710
4970 0
0 6810
-1930 0
0 2380
110 0
-8830 0
0 -9140
9350 0
9880 0
0 -2230
0 9290
0 4860
-4840 0
6440 0
0 -6660
-460 0
-7360 0
0 250
0 -4180
0 7340
0 -8610
-3370 0
7910 0
-1330 0
0 2730
-8230 0
3580 0
0 -1700
0 9820
0 -6130
-1900 0
0 5210
140 0
-8800 0
0 780
-6760 0
9910 0
5050 0
0 -3650
0 7870
-2770 0
0 3260
0 -8260
-9670 0
0 -1170
2140 0
6520 0
0 5740
0 -5780
0 1310
-1300 0
0 -3120
-8200 0
3610 0
0 8220
0 3790
0 -7730
-4210 0
0 -640
170 0
-6730 0
5080 0
-1820 0
0 -5250
0 6270
0 1840
0 -9680
-2740 0
9070 0
-9640 0
2170 0
0 -2770
0 8750
0 4320
0 -7200
-1270 0
0 -290
-8170 0
3640 0
0 -4720
0 6800
0 -9150
0 2190
-4180 0
7630 0
0 -2240
-9040 0
0 9280
2770 0
0 -6670
0 4670
0 240
-2710 0
9100 0
0 -4190
0 7330
2200 0
-7570 0
4240 0
-9610 0
0 2720
0 -8800
0 -1710
-3580 0
0 9810
1330 0
-6100 0
-5570 0
5710 0
0 5200
0 -6320
0 770
0 -3660
9700 0
-9010 0
2800 0
0 7680
-4100 0
0 3250
0 -8270
0 -1180
-5020 0
-7540 0
0 5730
4270 0
0 -5790
0 1300
-2630 0
-3550 0
0 -3310
0 8210
8260 0
1360 0
0 3780
3400 0
-5540 0
0 -7740
0 -830
-2080 0
0 -5260
0 6260
-8980 0
9730 0
2830 0
0 -9690
4870 0
-4070 0
0 1650
0 -2780
-4990 0
0 8740
6820 0
0 -7210
-80 0
1960 0
6340 0
0 -300
0 -4730
0 6790
-3520 0
8290 0
1390 0
3430 0
-5510 0
0 2180
0 -9340
0 -2250
0 9270
-1520 0
9760 0
0 4660
0 -6860
4900 0
0 230
-6380 0
0 -4200
0 7140
8890 0
-50 0
0 2710
1990 0
0 -8810
-9820 0
0 -1720
-4910 0
0 9620
0 5190
0 -6330
0 760
3460 0
-7820 0
-3440 0
0 -3850
0 7670
0 3240
7450 0
0 -8280
550 0
2590 0
-6350 0
0 -1370
0 5720
0 -5800
8920 0
-9790 0
2020 0
-9260 0
0 1110
4060 0
-4880 0
0 -3320
0 8200
0 3770
0 -7750
-5800 0
-890 0
1150 0
-7790 0
0 -840
5530 0
0 -5270
0 6250
0 1640
580 0
9520 0
2620 0
0 -2790
-6320 0
0 8730
0 -9880
0 4120
0 -7400
-2330 0
0 -310
-9230 0
4090 0
0 -4740
-7190 0
0 6600
0 2170
0 -9350
8080 0
-860 0
0 -2260
1180 0
-7760 0
-5720 0
0 9080
0 4650
0 -6870
0 220
9550 0
610 0
2650 0
-8630 0
-4250 0
0 -4390
0 7130
0 2700
0 -8820
6640 0
-260 0
1780 0
0 -1910
-7160 0
0 9610
0 5180
0 -6340
0 570
8110 0
1210 0
0 -3860
3250 0
-5690 0
0 7660
0 3230
0 -8290
0 -1380
-1700 0
9580 0
0 5710
0 -5810
4720 0
-8600 0
0 1100
0 -3330
0 8190
-230 0
1810 0
-7130 0
0 -7760
6720 0
0 3580
0 -850
-3140 0
0 -5280
3280 0
-8000 0
0 6060
8190 0
0 1630
0 -9890
0 -2800
7270 0
-1670 0
370 0
0 8540
-8570 0
-6530 0
0 4110
5280 0
0 -7410
0 -320
8740 0
-200 0
0 -4930
1840 0
0 6590
-9440 0
0 2160
-5060 0
6750 0
0 -9360
0 -2450
5830 0
0 9070
-1070 0
0 4640
0 -6880
-7970 0
0 30
0 -4400
0 7120
7300 0
400 0
0 2690
0 -8830
-6500 0
5310 0
0 -1920
0 9600
0 5170
0 -6350
-2510 0
8770 0
9300 0
-9410 0
-7370 0
0 560
0 -3870
0 7650
0 -8300
-1040 0
1000 0
-7940 0
0 3040
-5900 0
5910 0
0 -1390
0 -5820
-3950 0
0 5520
430 0
-8810 0
0 1090
-4430 0
0 -3340
7380 0
0 8000
-2480 0
0 3570
-440 0
0 -7950
-9380 0
0 -860
-7340 0
4470 0
0 -5470
0 6050
-1010 0
0 1620
1030 0
0 -9900
-5870 0
5940 0
0 -2990
0 8530
0 4100
5020 0
0 -7420
-1880 0
9930 0
-8780 0
3030 0
0 -510
0 -4940
0 6580
0 2150
0 -9370
-410 0
-7310 0
4500 0
0 -2460
0 9060
0 4630
0 -6890
-3320 0
8490 0
0 20
1590 0
-8180 0
0 -4410
5970 0
0 7110
0 -8840
0 2500
-1850 0
9960 0
0 -1930
-8750 0
3060 0
-6710 0
5100 0
0 -6360
0 9590
0 4980
0 550
-380 0
0 -3880
-9620 0
4530 0
6570 0
0 7460
0 3030
0 -8490
0 -1400
-8150 0
3660 0
0 5510
0 -6010
0 1080
3090 0
0 -3530
5130 0
-6150 0
-6680 0
0 3560
0 -7960
0 7990
-2690 0
0 -1050
9120 0
-9590 0
2220 0
0 -5480
0 6040
-4680 0
6600 0
0 1610
0 -9910
0 -3000
0 8520
-8120 0
3690 0
0 4090
0 -7430
-3210 0
0 -520
-4130 0
7680 0
0 -4950
0 6570
780 0
0 -9380
5160 0
-6120 0
0 1960
0 -2470
0 9050
-2660 0
0 -6900
9150 0
-9560 0
2250 0
4290 0
-4650 0
0 4440
0 10
0 -4420
-660 0
0 6920
3720 0
-5520 0
0 2490
5760 0
0 -9030
0 -1940
0 9580
9750 0
810 0
0 4970
2850 0
0 -6550
0 540
-4050 0
0 -4070
0 7450
2280 0
0 3020
4320 0
-6960 0
0 -8500
-2580 0
0 -1590
0 9930
0 5500
0 -6020
-630 0
8310 0
0 1070
1410 0
-5490 0
5790 0
0 -3540
0 7980
0 3550
0 -7970
9780 0
840 0
2880 0
-8400 0
-4020 0
0 -1060
0 -5490
0 6030
6870 0
0 -9920
-30 0
4350 0
0 1420
6390 0
-6930 0
0 -3010
0 8510
0 -7440
8340 0
0 3900
1440 0
-9840 0
3480 0
0 -530
-5460 0
0 -4960
0 6380
-1470 0
0 1950
0 -9570
2910 0
-8370 0
0 -2480
4950 0
-6330 0
0 9040
9810 0
0 4430
0 -7090
8940 0
2040 0
-6900 0
-4860 0
6420 0
0 -4610
0 6910
0 2480
0 -9040
0 -1950
1470 0
3510 0
-7770 0
-3390 0
0 9390
0 4960
0 -6560
0 530
7500 0
600 0
-8340 0
4980 0
-6300 0
0 -4080
0 7440
9890 0
0 3010
0 -8510
8970 0
2070 0
0 -1600
4110 0
-4830 0
-9210 0
0 5490
0 -6030
0 9920
0 880
-840 0
3540 0
0 -3550
-7740 0
0 7970
0 -7980
0 3360
7530 0
0 -1070
630 0
2670 0
0 -5500
-6270 0
0 5840
0 1410
-2280 0
0 -3020
0 8500
2100 0
9000 0
4140 0
-7140 0
-9180 0
0 3890
0 -7630
0 -540
8130 0
-810 0
1230 0
-7710 0
-5670 0
0 -5150
6140 0
0 6370
0 1940
0 -9580
0 -2490
660 0
0 8850
2700 0
-8580 0
-4200 0
0 4420
0 -7100
7610 0
0 -10
6690 0
-210 0
0 -4620
0 6900
4170 0
-7110 0
0 2470
0 -9050
-9150 0
9080 0
0 -2140
8160 0
0 9380
1260 0
0 4950
0 -6570
-5640 0
6170 0
0 340
0 -4090
0 7430
-1650 0
0 -8520
2730 0
-8550 0
7640 0
0 2820
0 -1610
0 9910
0 -6040
-180 0
-7080 0
0 5300
0 870
0 -3560
0 7960
-3090 0
1290 0
-9990 0
-7950 0
0 3350
0 -8170
6200 0
0 -1080
8240 0
-1620 0
0 -5690
420 0
0 5830
-8520 0
0 1400
-6480 0
5330 0
0 -3030
9710 0
0 8310
-150 0
0 3880
0 -7640
-9390 0
0 -550
-5010 0
6800 0
0 -5160
0 6360
-1020 0
0 1930
0 -9590
-7920 0
-9960 0
3890 0
8270 0
0 -2680
0 8840
0 4410
0 -7110
450 0
-6450 0
5360 0
0 -200
-1540 0
0 -4630
0 6890
0 -9060
-2460 0
-9360 0
0 2280
2450 0
0 -2150
6830 0
0 9370
0 -6580
0 4760
-990 0
0 330
-7890 0
3920 0
0 -4100
5960 0
0 7420
-3900 0
0 2810
0 -8710
480 0
-9240 0
0 -1620
-8760 0
0 9900
5390 0
7430 0
0 5290
0 -6230
0 860
-2430 0
9380 0
-9330 0
0 -3570
2480 0
-7290 0
4520 0
8900 0
0 7770
0 3340
0 -8180
0 -1090
-960 0
3950 0
-5290 0
5990 0
0 -5700
0 5820
0 1390
-8730 0
3080 0
0 -3220
0 8300
-3820 0
7460 0
0 3870
0 -7650
0 -740
2510 0
-7260 0
4550 0
0 -5170
0 6350
-2350 0
0 -9600
0 1740
-3270 0
0 -2690
0 8830
1640 0
0 -7120
-5260 0
6020 0
0 -210
0 -4640
0 6880
-8700 0
3110 0
5150 0
-3790 0
0 2270
0 -9250
0 -2160
-4710 0
0 9360
200 0
4580 0
6620 0
0 4750
0 -6770
0 320
0 -4110
-3240 0
1670 0
0 7230
3710 0
-5230 0
0 2800
8090 0
0 -8720
0 -1630
-1770 0
0 9710
-1240 0
3140 0
0 5280
5180 0
0 -6240
0 850
0 -3760
0 7760
230 0
2270 0
0 3330
0 -8190
-4630 0
6650 0
0 -1280
0 -5710
0 5810
1700 0
3740 0
-3160 0
0 1200
0 -3230
0 8290
0 3860
0 -7660
830 0
5210 0
-6070 0
0 -750
0 -5180
0 6340
9200 0
-9510 0
2300 0
4340 0
0 1730
-4600 0
0 -9790
0 -2700
0 8820
-610 0
0 4210
0 -7310
3770 0
-7510 0
0 -220
5810 0
0 -4650
0 6690
860 0
0 2260
2900 0
-6040 0
0 -2170
-4000 0
7280 0
0 -9260
0 9170
0 4740
0 -6780
-2050 0
0 310
2330 0
-8950 0
4370 0
-2530 0
9280 0
0 -4300
0 7220
0 2790
0 -8730
-580 0
1460 0
-7480 0
-5440 0
5840 0
0 -1820
0 9700
0 5270
0 -6250
9830 0
890 0
2930 0
0 660
-6010 0
-3970 0
0 -3770
0 7750
0 3320
0 -8200
20 0
-8920 0
0 -1290
4400 0
-6880 0
0 -5720
0 5800
9310 0
8390 0
0 1190
1490 0
-7450 0
0 -3240
3530 0
-5410 0
0 8280
0 3670
0 -760
-1420 0
9860 0
2960 0
0 -5190
-8320 0
0 6150
0 1720
0 -9800
0 -2710
50 0
2090 0
-6850 0
-4810 0
0 8630
7000 0
0 4200
0 -7320
0 -230
-2860 0
1520 0
-9760 0
3560 0
-5380 0
-3340 0
0 -4840
0 6680
8470 0
0 2250
0 -9270
-1390 0
650 0
0 -2360
-8290 0
5030 0
-6250 0
0 4730
5560 0
0 -6790
0 9160
9940 0
0 120
2120 0
0 -4310
-6820 0
-4780 0
0 2780
7030 0
0 7210
0 -8740
0 -1830
0 9690
-790 0
-9730 0
0 5260
3590 0
0 -6260
-7690 0
8500 0
0 650
0 -3780
7580 0
0 7740
680 0
0 -8210
-8260 0
-6220 0
5590 0
0 3130
0 -1300
0 -5730
-2230 0
9050 0
2150 0
-9130 0
0 5610
7060 0
0 1180
0 -3250
-760 0
0 8090
-7660 0
0 3660
-5620 0
6190 0
0 -7860
0 -770
710 0
0 -5380
0 6140
-6190 0
0 1710
-4150 0
5620 0
7660 0
0 -9810
0 -2900
0 8620
-160 0
0 4190
0 -7330
-7060 0
-9100 0
4750 0
-2150 0
9130 0
0 -420
0 -4850
0 6670
0 2240
1310 0
-7630 0
0 -9280
-5590 0
6220 0
-680 0
0 -2370
0 9150
0 4720
0 -6800
-1600 0
-8500 0
3310 0
0 110
7690 0
0 -4320
0 7200
0 -8750
-130 0
-9070 0
0 2590
-7030 0
4780 0
0 -1840
-2120 0
0 9680
0 -6270
-3040 0
0 5070
1340 0
-9940 0
0 640
1870 0
-5560 0
6250 0
0 -3790
-650 0
0 7550
-1570 0
0 3120
0 -8400
-8470 0
0 -1310
3340 0
-6430 0
5380 0
0 5600
0 -5920
0 1170
-100 0
-7000 0
4810 0
6850 0
0 -3440
0 8080
0 3650
0 -7870
-9910 0
1900 0
-7870 0
3940 0
0 -960
-2960 0
8320 0
0 -5390
0 6130
0 1700
0 -9820
-8440 0
3370 0
-6400 0
0 -2910
5410 0
0 8610
-1490 0
0 4180
0 -7340
-2410 0
0 -430
-9310 0
2500 0
0 -4860
-4400 0
0 6660
6880 0
-20 0
0 -9290
0 2050
-9880 0
0 -2380
-7840 0
0 9140
3970 0
0 -6810
6010 0
-2930 0
0 4530
0 100
-3850 0
0 -4330
1060 0
-6370 0
5440 0
-5840 0
7480 0
-1460 0
0 7010
0 2580
0 -8940
0 -1850
-2380 0
0 9670
9430 0
-9280 0
2530 0
4570 0
-4370 0
0 5060
0 -6460
8950 0
0 630
-7810 0
0 -3980
4000 0
6040 0
-2900 0
0 3110
0 7540
0 -8410
0 -1500
1090 0
3130 0
0 5590
-5810 0
-3770 0
0 1160
0 -5930
7510 0
0 -3450
0 8070
-9250 0
2560 0
0 3640
4600 0
-4340 0
0 -7880
-2300 0
0 -970
0 -5400
0 6120
1690 0
0 -9830
-5210 0
6070 0
-830 0
0 1510
0 -2920
0 8600
0 -7350
3160 0
5200 0
-3740 0
0 3990
0 -440
0 -4870
0 6470
4630 0
-6650 0
0 2040
-2270 0
6670 0
0 -9480
0 -2390
0 9130
8620 0
1720 0
0 4520
3760 0
-5180 0
0 90
0 -7000
8140 0
0 -4520
0 7000
0 2570
3190 0
-8090 0
5230 0
0 -1860
-3710 0
0 -8950
0 9480
0 5050
0 -6470
280 0
0 620
2320 0
-6620 0
-4580 0
6700 0
0 -3990
0 7530
0 3100
0 -8420
1750 0
-9530 0
3790 0
-5150 0
-3110 0
0 -1510
8700 0
0 5580
0 -5940
880 0
-8060 0
0 970
5260 0
-6020 0
-1640 0
0 -3460
0 8060
0 -7890
9250 0
0 3450
2350 0
-6590 0
0 -980
4390 0
-4550 0
0 -5410
0 5930
0 1500
3820 0
0 -2930
-7460 0
-3080 0
0 8590
0 3980
0 -7540
-1 -1
0 -450
910 0
-8030 0
2950 0
-5990 0
7860 0
0 -5060
0 6460
0 2030
0 -9490
0 -2400
2380 0
-8900 0
4420 0
-4520 0
0 8940
9330 0
0 4510
0 -7010
0 80
-530 0
1510 0
-7430 0
-5390 0
0 -4530
0 6990
0 2560
0 -8960
940 0
0 -2050
2980 0
-5960 0
-3920 0
0 5040
0 -6480
7890 0
0 9470
0 430
-8870 0
0 -4000
4450 0
-6830 0
0 7520
-2450 0
0 -8430
9360 0
0 2910
0 -1520
8440 0
1540 0
0 -5950
-7400 0
-5360 0
6450 0
0 5390
0 960
0 -3470
0 8050
3010 0
-8270 0
-3890 0
7920 0
0 3440
0 -8080
0 -990
100 0
-6800 0
-4760 0
0 -5600
0 5920
7050 0
0 1490
0 -2940
1570 0
0 8400
-9710 0
-5330 0
0 3970
-3290 0
6480 0
0 -7550
0 -460
8520 0
-1340 0
700 0
0 -5070
0 6450
-6200 0
0 2020
-8240 0
0 -9500
9990 0
0 -2590
0 8930
130 0
0 4500
0 -7020
-6770 0
-4730 0
7080 0
0 -110
0 -4540
0 6980
0 -8970
-9680 0
-7640 0
-3260 0
6510 0
0 2370
-2730 0
8550 0
0 -2060
0 9460
0 -6490
730 0
-8210 0
0 4850
-6170 0
5640 0
0 420
-1260 0
0 -4010
0 7510
-9080 0
0 2900
-4700 0
0 -8620
7110 0
0 -1530
0 9990
210 0
-710 0
0 5380
0 -6140
-7610 0
0 950
4200 0
0 -3480
0 7860
0 3430
760 0
0 -8090
0 -1000
-6140 0
5670 0
7710 0
-1230 0
0 -5610
0 5910
0 1480
-9050 0
2760 0
-7010 0
9180 0
0 -3130
0 8390
0 3960
0 -7560
-7580 0
4230 0
0 -650
6270 0
0 -5080
0 6440
0 -9510
0 1830
-8450 0
5700 0
0 -2600
-3540 0
7740 0
0 8920
0 -7030
0 4310
-9020 0
0 -120
2790 0
-6980 0
4830 0
0 -4550
0 6970
-2070 0
0 2360
0 -9160
-9890 0
0 -2070
0 9450
4260 0
-4980 0
6300 0
-600 0
0 4840
0 -6680
0 410
0 -4020
-8420 0
3390 0
-3510 0
0 7320
0 2890
0 -8630
0 -1540
-6950 0
4860 0
0 9800
6900 0
-2040 0
0 5370
0 -6150
0 940
-9860 0
1950 0
0 -3670
-4950 0
6330 0
-2910 0
0 3420
0 7850
0 -8100
8370 0
1 1
0 -1190
-8390 0
3420 0
0 -5620
5460 0
-3480 0
0 5900
-1440 0
0 1290
0 -3140
510 0
0 8380
0 3950
4890 0
-4350 0
6930 0
0 -7570
30 0
0 -660
0 -5090
0 6430
1980 0
-9830 0
4020 0
-4920 0
-2880 0
0 1820
0 -9700
0 -2610
0 8910
3450 0
5490 0
-5790 0
0 4300
-1410 0
0 -7220
0 -130
0 -4560
9480 0
2580 0
0 6780
-4320 0
0 2350
0 -9170
0 -2080
0 9260
0 4830
4050 0
0 -6690
6090 0
0 400
-2850 0
-7230 0
0 -4210
0 7310
1140 0
0 2880
0 -8640
5520 0
-5760 0
-3720 0
7560 0
0 -1730
0 9790
0 5360
0 -6160
-9200 0
2610 0
-8670 0
4650 0
-4290 0
-2250 0
0 750
9560 0
0 -3680
0 7840
0 3410
0 -8110
4080 0
-7200 0
-5160 0
6120 0
-780 0
0 -1200
0 -5630
0 5890
3210 0
-5730 0
0 1280
-3690 0
0 -3150
0 8370
0 3760
-8640 0
4680 0
0 -670
-6600 0
-2220 0
0 -5100
9590 0
0 6240
8670 0
0 1810
1770 0
-7170 0
0 -9710
0 -2620
-5130 0
6150 0
0 8720
0 4290
0 -7230
0 -140
3240 0
-8040 0
-3660 0
0 -4750
0 6770
0 2340
0 -9180
330 0
4710 0
-6570 0
-4530 0
0 -2270
0 9250
9620 0
0 4820
0 -6700
1800 0
-9480 0
0 210
3840 0
-5100 0
-3060 0
0 -4220
0 7300
8750 0
0 2870
0 -8650
3270 0
0 -1740
-5970 0
-8010 0
0 9780
-1590 0
0 5350
0 -6170
0 740
2400 0
0 -3690
-6540 0
-4500 0
0 7830
7310 0
0 -8120
0 3220
0 -1210
-9450 0
3870 0
0 -5640
-7410 0
-3030 0
8780 0
0 5700
1880 0
0 1270
0 -3160
960 0
-7980 0
5340 0
-5940 0
5870 0
0 8180
0 3750
0 -7770
0 -680
2430 0
-8850 0
-4470 0
0 -5290
0 6230
7340 0
0 1800
0 -9720
-480 0
0 -2810
3900 0
-7380 0
-5340 0
0 4280
0 -7240
0 8710
8810 0
0 -330
990 0
0 -4760
0 6760
-5910 0
0 2330
-3870 0
5900 0
7940 0
0 -9190
0 -2280
0 9240
2460 0
0 4810
0 -6710
-6780 0
-8820 0
-2400 0
7370 0
-1870 0
9410 0
0 200
0 -4230
0 7290
0 -8660
-7350 0
-5310 0
6500 0
0 2680
-400 0
0 -1750
0 9770
0 -6180
-8220 0
0 5160
-3840 0
5930 0
7970 0
0 730
1070 0
0 -3700
150 0
0 7640
-8790 0
-6750 0
0 3210
5060 0
0 -8310
0 -1220
-1840 0
9440 0
0 5690
1620 0
0 -5830
-9660 0
0 1260
-5280 0
6530 0
8570 0
-370 0
0 -3350
0 8170
-1290 0
0 3740
0 -7780
-8190 0
3620 0
8000 0
0 -870
0 -5300
0 6220
180 0
0 1790
0 -9730
-6720 0
5090 0
7130 0
-1810 0
0 -2820
0 8700
0 4270
0 -7250
1650 0
-9630 0
2180 0
-7590 0
6560 0
0 -340
-2680 0
8600 0
0 -4770
0 6750
0 -9200
-8160 0
0 2140
3650 0
5690 0
0 -2290
0 9230
-1210 0
0 -6720
0 4620
-9030 0
0 190
5120 0
-4120 0
0 -4240
7160 0
260 0
0 7100
0 2670
0 -8850
0 -1760
-7560 0
4250 0
0 9760
-2650 0
8630 0
0 5150
0 -6370
0 720
-6090 0
5720 0
7760 0
-1180 0
0 -3890
0 7630
0 3200
0 -8320
-2100 0
-9000 0
2810 0
0 -1410
-4090 0
7190 0
9230 0
0 5680
0 -5840
0 1250
-7530 0
4280 0
0 -3360
6320 0
-2620 0
0 8160
0 3730
0 -7790
-9520 0
0 -880
1370 0
0 -5310
-5530 0
-3490 0
5750 0
0 6210
7790 0
0 -9740
0 1600
0 -2830
0 8690
2840 0
-8970 0
4880 0
-4060 0
0 -7260
-2020 0
9260 0
0 4080
0 -350
0 -4780
4310 0
-4930 0
6350 0
0 6560
-550 0
0 2130
0 -9390
0 -2300
0 9220
3440 0
-5500 0
-3460 0
0 4610
0 -6910
7820 0
0 180
0 -4430
4910 0
0 7090
6950 0
-1990 0
0 2660
0 -8860
-8890 0
0 -1770
0 9570
-9810 0
2000 0
0 5140
0 -6380
-4900 0
6380 0
0 710
8420 0
0 -3900
0 7620
0 3190
3470 0
5510 0
-3430 0
0 -8330
0 -1420
0 5670
0 -5850
560 0
4940 0
-6340 0
-4300 0
6980 0
80 0
0 1060
0 -3370
0 8150
0 -7800
-9780 0
2030 0
4070 0
-4870 0
0 3540
-2830 0
8450 0
8980 0
0 -890
0 -5320
0 6020
3500 0
-7780 0
5540 0
0 1590
0 -9930
-1360 0
0 -2840
0 8680
0 4070
2630 0
-6310 0
0 -7450
0 -360
-4270 0
7010 0
0 -4970
0 6550
0 2120
0 -9400
4100 0
0 -2310
-2800 0
9010 0
-9700 0
0 9030
0 4600
0 -6920
0 170
1190 0
5570 0
-5710 0
-3670 0
0 -4440
0 7080
0 2650
0 -8870
2660 0
4700 0
-4240 0
-2200 0
0 -1960
0 9560
9610 0
0 5130
0 -6390
-250 0
4130 0
0 520
-5110 0
-7150 0
-730 0
0 -3910
0 7610
0 -8340
0 3000
1220 0
3260 0
0 -1430
-5680 0
-3640 0
0 -5860
8170 0
0 5480
0 1050
2690 0
-8590 0
0 -3380
4730 0
0 8140
-2170 0
9640 0
0 3530
0 -7990
0 -900
1820 0
-7120 0
-5080 0
6730 0
0 -5510
0 6010
0 1580
0 -9940
0 -2850
3290 0
-5650 0
-3610 0
0 8490
8200 0
1300 0
0 4060
0 -7460
0 -370
380 0
4760 0
-6520 0
-4480 0
0 -4980
5290 0
0 6540
9670 0
0 2110
0 -9410
1850 0
0 -2500
0 9020
-5050 0
-3010 0
0 4590
6760 0
0 -6930
8800 0
0 -20
3320 0
0 -4450
0 7070
-7960 0
0 -8880
8230 0
0 2460
0 -1970
0 9550
0 -6400
-6490 0
-4450 0
7360 0
0 4940
0 510
0 -3920
0 7600
-9400 0
-2980 0
6790 0
8830 0
0 2990
0 -8530
1930 0
0 -1440
1010 0
-7930 0
-5890 0
0 5470
5920 0
0 -6050
-980 0
0 1040
0 -3390
0 7950
-6460 0
0 3520
-4420 0
7390 0
0 -8000
0 -910
490 0
-430 0
0 -5520
0 6000
-7330 0
0 1570
4480 0
0 -9950
-2420 0
8860 0
0 -3040
0 8480
1040 0
0 4050
0 -7470
-5860 0
5950 0
7990 0
-950 0
0 -560
0 -4990
0 6530
0 -9420
-8770 0
3040 0
7420 0
0 1920
9460 0
520 0
0 -2510
0 9010
0 -6940
-7300 0
0 4400
4510 0
6550 0
0 -30
-350 0
0 -4460
0 7060
1600 0
0 2450
-5830 0
5980 0
0 -9070
0 -1980
-920 0
8020 0
1120 0
0 9540
0 4930
0 -6590
-8740 0
0 500
3070 0
5110 0
-6700 0
0 -3930
-1790 0
9490 0
0 7410
0 2980
0 -8540
-7270 0
0 -1450
4540 0
6580 0
-320 0
0 9890
0 5460
0 -6060
0 1030
-8140 0
3670 0
-3230 0
8050 0
0 -3580
0 7940
0 3510
0 -8010
-6670 0
5140 0
0 -1100
7180 0
-1760 0
0 -5530
0 5990
-8660 0
0 -9960
-9580 0
0 1380
2230 0
0 -3050
-4670 0
6610 0
-290 0
0 4040
0 -7480
0 8470
8650 0
0 -570
-8110 0
3700 0
0 -5000
-3200 0
5740 0
-1160 0
0 6520
0 1910
0 -9610
0 -2520
-6640 0
0 9000
5170 0
7210 0
-1730 0
310 0
0 4390
0 -7130
0 -40
-9550 0
0 -4470
4300 0
-4640 0
-2600 0
0 6870
8680 0
0 2440
0 -9080
0 -1990
-8080 0
0 9350
5770 0
-3170 0
7810 0
-1130 0
0 4920
0 -6600
0 490
2860 0
0 -4120
0 7400
-4040 0
7240 0
0 2970
340 0
0 -8550
0 -1640
0 9880
4330 0
-4610 0
0 5450
-2570 0
0 -6070
6370 0
-9470 0
0 840
0 -3590
0 7930
1420 0
0 3500
-5480 0
5800 0
7840 0
-1100 0
0 -8020
0 -1110
0 -5540
0 5980
2890 0
4930 0
-4010 0
-1970 0
9840 0
0 1370
0 -3060
0 8460
4360 0
-6920 0
6400 0
-2540 0
0 3850
-500 0
0 -7670
0 -580
0 -5010
0 6330
3490 0
-5450 0
0 1900
-3410 0
7870 0
0 -9620
0 -2530
0 8810
0 4380
0 -7140
4960 0
-3980 0
0 -50
-1940 0
-8360 0
9870 0
-8840 0
0 -4660
0 6860
2050 0
0 2430
-6890 0
-4850 0
6430 0
0 -9090
-470 0
0 -2180
0 9340
0 4910
0 -6610
3520 0
-5420 0
-3380 0
0 300
0 -4130
0 7390
0 2960
0 -8560
4990 0
-6290 0
-1910 0
0 -1650
0 9870
9900 0
0 5440
0 -6080
2080 0
4120 0
0 830
-4820 0
-2780 0
0 -3600
0 7920
9030 0
0 -8030
0 3310
3550 0
-7730 0
0 -1120
-3350 0
-1310 0
0 -5550
0 5790
0 1360
2680 0
-6260 0
0 -3070
-4220 0
7590 0
160 0
0 8270
0 3840
0 -7680
0 -590
-9170 0
4150 0
-4790 0
-2750 0
9060 0
-9650 0
2160 0
0 -5200
0 6320
0 1890
0 -9630
1240 0
-7700 0
-5660 0
-1280 0
0 -2720
0 8800
0 4370
3630 0
0 -7150
2710 0
0 -240
-4190 0
0 -4670
0 6850
7620 0
9660 0
0 2420
0 -9100
0 -2190
4180 0
-7100 0
-2720 0
0 4900
0 -6620
9090 0
0 9330
2190 0
0 290
1270 0
0 -4140
-5630 0
0 7380
-3590 0
6180 0
8220 0
0 -8570
0 2770
0 -1660
0 9860
2740 0
0 -6090
-8540 0
-4160 0
7650 0
9690 0
0 5250
0 820
0 -3610
-7070 0
-5030 0
0 7730
6780 0
-120 0
0 3300
0 -8220
0 -1130
-5600 0
-3560 0
0 -5740
0 5780
6210 0
0 1350
1350 0
8250 0
0 -3260
0 8260
-6470 0
0 3830
-2090 0
0 -7690
-1560 0
9720 0
2820 0
0 -780
0 -5210
0 6310
-5000 0
0 1880
6810 0
0 -9640
8850 0
-90 0
0 -2730
0 8790
0 4360
0 -7160
-7910 0
-3530 0
8280 0
1380 0
0 -250
0 -4680
0 6840
460 0
0 -9110
-6440 0
5370 0
7410 0
-1530 0
0 2230
0 -2200
0 9320
0 -6630
-9350 0
0 4710
-4970 0
6840 0
0 280
-60 0
8880 0
0 -4150
0 7190
-7880 0
0 2760
3930 0
0 -8760
0 -1670
-930 0
0 9850
0 5240
0 -6280
-6410 0
0 810
5400 0
7440 0
-1500 0
540 0
0 -3800
0 7720
0 3290
0 -8230
-7280 0
-2370 0
8910 0
0 -1320
2010 0
-9270 0
0 -5750
0 5770
0 1340
6000 0
8040 0
-900 0
0 -3270
-7800 0
0 8250
0 3820
0 -7700
-8720 0
0 -790
-3810 0
7470 0
570 0
0 -5220
0 6300
9510 0
0 -9650
0 1690
-7250 0
4560 0
0 -2740
-2340 0
0 8780
-300 0
0 -7170
