100
-69 -782
-962 -234
-935 186
197 46
-504 -98
975 -414
895 627
-408 531
84 570
903 -513
100 387
-32 -14
394 -567
394 996
-292 375
998 901
228 344
-65 273
-923 34
-979 -633
-449 -595
-974 612
-507 -94
650 717
-596 -686
113 538
131 586
-798 -939
868 -838
-929 -753
158 -605
-365 976
325 -482
-574 -618
622 438
634 -292
804 -998
-176 -982
-520 -787
-608 241
96 338
778 92
669 -640
813 -861
181 -636
-109 -950
743 196
171 -960
-835 984
-185 -401
-923 98
-667 538
-57 596
937 -629
270 752
938 966
-47 -330
-858 -955
-723 187
-647 10
931 233
995 -454
1000 -632
-793 -78
-661 -113
410 199
-77 -720
474 516
-763 -922
904 -317
898 -922
423 267
354 96
-306 -894
-764 335
-836 146
111 -196
-325 664
-305 -868
-472 703
-914 -201
-645 610
688 767
-129 498
-250 412
-615 362
-764 693
439 303
897 -377
-716 -269
58 -84
-788 144
861 -1
987 413
-45 -467
-631 267
-789 -728
643 -744
-723 153
-27 76
