1000
-5113 -6973
-4618 -8204
-6810 8036
-661 -6986
-9315 9215
6955 7310
8567 7445
-3090 -2711
3409 8033
2917 4729
-4259 -6601
-5856 495
-8447 -6652
8891 2531
-4658 -2810
-5048 -4157
9143 -4325
-9117 -8129
3712 -5515
-2294 3001
5500 937
8504 -9988
-364 -4687
-206 -6234
9761 1222
-6828 6664
8029 -8153
-425 6416
-8853 -882
-9299 -2340
2862 -9429
-2211 6155
-8694 -8010
3565 -9969
1625 3901
-1792 -5630
-4404 7241
3814 854
-2659 -4876
9441 -6234
-5711 -2600
-9910 -8402
8515 5133
-9167 2635
1355 2357
4742 7709
400 5872
966 -4454
6356 520
-4225 -8886
1597 6562
8827 4023
3757 2586
-6733 9778
-2750 -2901
8586 6854
2397 -3419
1663 7063
3621 -8230
6735 -5023
5979 7045
1819 3643
8608 -9176
626 2964
-9120 -9850
9002 -9225
-933 -6061
-1384 3782
3869 9184
1518 -4633
-520 -3293
-9110 2479
977 -8216
-4623 -8258
6056 1
-7673 -4031
-755 8201
-5725 -9199
-1348 5975
6994 -8633
-5947 -1197
-1083 5761
-5742 -1119
-4623 -8804
6778 -2736
9179 2779
-5907 -336
8028 3562
-6866 2466
1683 -985
2445 -7401
-9738 5357
1416 -3436
-2011 2747
-9847 92
7338 -3508
-8389 6060
5344 -402
-4809 8314
-630 7394
-8972 -349
-8373 6131
7027 3204
-6059 -4162
7877 1588
-7634 -9245
4292 8445
-6441 1070
408 7150
-3736 -3303
-4637 -5766
2636 -491
-7319 6091
5498 6166
6451 -3184
-580 -7041
7658 1868
-4906 21
-5602 4339
8981 4144
-1005 887
-9304 -7795
-2690 -8727
-5786 2017
-333 -9716
-1115 1289
9312 3372
-356 -3761
1123 4337
-9504 6473
8264 -7426
-6176 -5366
7873 -314
6848 -7259
372 7414
-256 1085
-10 -4793
1170 4944
7749 -8570
-4934 9458
-149 8624
-5746 -1443
8590 4206
1229 -5861
-5772 -3917
6683 -6184
-611 -3134
6392 3766
8097 8060
670 675
-4824 9375
1858 9628
5767 5078
2359 -8079
5423 -429
8110 3480
3145 -1467
6744 6968
-3647 942
6749 -3192
3667 3344
-6189 4093
500 -8916
9418 2870
-4543 -5492
-7732 3737
2664 -2842
7729 -6430
2878 3586
2484 575
-5961 7267
3316 6464
-5289 1484
7725 1461
-498 9052
4091 1910
7539 -7914
7772 -3699
1726 9124
-6029 1044
3620 -4388
-6582 9325
4031 -9018
3112 7582
4253 7548
-5056 939
9772 -6458
4661 -5607
1497 -7354
-987 471
5110 5472
-9504 3606
6781 1196
386 -3751
-4582 -343
316 -2114
-4104 -4269
-9041 -5284
-6521 -6451
-3529 804
1451 1278
6662 1314
-5680 7091
-8076 4476
-6814 -5940
-7228 -455
-3385 5621
-7457 -3617
-8857 -9128
5683 5401
-6056 -3455
6210 8105
741 -7951
8370 -2390
-386 8136
-8059 5054
-613 587
7766 9946
7394 9360
-6841 1960
2652 -5617
-7953 7300
-87 -5457
7099 6456
2273 -7436
-4808 -7577
-7412 -4514
-6816 -7941
6856 -7293
4809 2376
1472 -2469
8382 7599
-1930 9219
-969 -337
-8277 -4206
9883 -3648
6600 -839
595 5372
4645 2393
5762 9878
-7368 5954
5169 -2576
1865 2086
2743 8704
-5904 -3522
1466 -9208
9322 6132
-7486 -9253
8735 -2809
3809 -5085
1683 2526
5243 6927
9565 -9567
-5112 1648
-9957 -2927
-9518 8016
8269 -251
3128 -9780
3257 -6577
-4425 -2193
5308 9381
5886 -4012
-3581 -6587
-2998 -4959
-4958 8967
8900 1221
-8337 -1675
-1965 -8884
-5085 4486
8698 -4606
4133 -4953
4738 6123
4480 -360
-5557 -3410
4038 7669
2527 4575
3086 -2161
-7385 3317
-2576 2143
9568 -501
-8721 -3702
-3635 -7267
-4005 1144
-6763 5848
-804 8514
5283 -8039
-8266 6610
915 -9552
-6945 6257
-3369 6503
-5422 -2092
-3029 8032
-3208 3467
4917 9044
7897 -8703
5183 -5072
1534 6406
-5979 9725
2727 -2447
6142 -3373
-9987 8021
8948 -1696
2876 2344
-7231 6201
914 -8811
8136 -9628
4999 -7331
-8264 -4055
-8080 -8383
-1110 3470
-5457 1403
-2599 -5405
-9184 -9764
-1310 -3697
9660 2915
-7625 445
5098 -7229
-3152 8061
5314 9858
-556 -9922
8496 7360
6096 7219
4120 -7207
9193 -3723
-4523 8998
4547 -2838
6655 -545
-115 7109
-5154 -3553
-1984 4617
-6743 -5183
-6880 1094
2230 4726
4613 6143
-6712 -8342
-4681 6737
233 -2593
2221 4179
2439 -6254
2531 -3399
1992 9144
9745 3620
-5320 -2123
4556 8390
1219 513
-6607 -7845
-587 -3768
-8092 9966
5624 -5742
-6287 -5021
-9123 3570
-5052 8730
4072 4069
-5035 3993
4948 -3956
-1616 970
-5478 1249
-8194 7615
-8590 -5382
7204 2451
6958 3090
1834 1798
9384 1223
-9999 8884
-197 3148
6143 -7791
-830 -2364
-2768 7340
7290 2801
-9594 -4582
9327 -61
1958 -1824
6505 9949
-1164 7547
2244 1612
-309 -6253
2661 -6718
772 -5035
-7736 4106
-4043 6857
-4413 -3092
-7368 -3059
-4381 2900
-4705 -1631
-6870 -197
4389 8148
-7693 -9430
-3818 -2088
7737 -9007
6792 -9880
9008 486
-3087 8770
6822 6731
1446 3367
8049 -8
5684 9508
-5802 6091
4361 2316
4976 5879
9328 -2856
-4584 -5764
1658 -1333
-4179 2299
4770 9105
-7727 3584
-9791 7579
7803 6671
-8303 968
7198 4320
8973 5298
-4588 1832
-4538 -3270
53 7090
5299 2329
7696 634
-3913 4780
-3045 -3574
4375 495
-5207 6752
5112 4372
7279 3680
-379 -4404
9716 3358
4819 -7167
-9876 4696
3084 -6485
5966 -5400
-3038 3151
973 9124
-4885 3319
5966 -4166
8804 -5448
-1925 -8240
8675 -5692
9893 -7415
-2638 -1466
9871 6697
-105 -1016
-8493 8675
8957 -8288
8292 523
-2472 -7968
7172 6398
-1427 -5049
4001 8594
-8765 3513
882 1872
-3727 -1678
6943 -9174
-7248 4817
5058 9074
-1723 -6675
-491 -5258
-15 6904
-7924 -6696
-5724 8445
8666 7632
8290 -1762
3674 8990
2679 -4418
-591 -13
785 -3428
1112 5738
2073 2129
-507 6232
1270 -139
-8700 7405
7144 9323
-9665 -2622
-838 -8174
-8161 -1315
2259 -5310
-3513 4726
8283 -4488
-7286 5681
9784 -6051
9746 -4354
144 -6831
-1574 -1503
-1683 -9402
-8775 -3311
-5670 6916
-1489 -5948
-6453 2995
-125 2356
189 -2973
9302 7737
-7730 -7007
-7988 -9203
-9069 -1779
9665 2830
2372 -802
-2827 9441
8081 -8374
-5587 -6624
-462 1440
-4136 -1496
-1183 2143
-7702 -204
-1757 6184
6492 1706
4705 2960
3857 456
-2930 2735
1454 4329
3049 5203
-474 -1051
3461 -126
3565 3119
-6861 -9976
-8253 -7259
2165 7488
-2930 6788
6851 604
-9253 4874
-4126 -2698
376 3961
7749 1728
113 3382
-3096 7594
-8840 -9392
7837 9265
9230 -3105
2117 4556
1623 -7886
3456 4863
-5716 514
-5868 -3566
-6876 2166
6400 9828
941 -7562
-4023 8281
-8895 7509
-4411 -8278
4769 -9204
7179 -8722
6129 -1799
2079 1935
5661 -7787
-7174 8806
9330 -2375
5261 -9495
-3447 7288
-8101 -5615
-9677 9317
5814 3352
5072 7601
6924 -7904
-8465 983
-560 2837
-2566 8885
-8274 927
412 2100
433 -2394
-8981 -248
4192 3837
-8566 -6476
5571 3107
9828 9684
-639 -3924
-2242 -4590
515 -1488
6568 -1353
-2908 9510
-6846 5461
1740 5223
8188 6457
2178 -9261
3602 8602
-1842 1054
-2909 -5619
1075 -7580
-786 -6953
1666 -8089
307 -9234
5406 8844
-9740 -2899
-2996 -6102
904 -8049
-5976 -6174
9866 1130
-2532 7714
-3313 -5882
1000 -8978
3329 -9996
-4809 8948
-4727 -9284
653 -9199
6817 -8816
5182 5218
-4538 -8243
-3258 2294
6689 1407
6101 2055
-8528 -6695
6300 2345
-6794 -8372
-5110 4518
-5998 4242
-8737 6326
-50 -8277
-6613 4102
5965 9644
3074 -5160
8115 3671
3305 7690
9593 -1476
-6575 1236
6528 -5308
-3381 4157
-5460 5756
1541 -7274
-40 5634
9089 -8994
520 5485
-4973 -2186
3276 -2700
-1090 5454
-8916 -496
-338 -5697
7414 -1035
1528 8965
3281 1098
-5825 6450
1368 -9503
-7301 3364
7895 3951
-6416 -7021
337 -686
441 442
-6702 -9001
-8797 5118
3355 1030
823 -8010
2273 3814
1944 8833
3125 -2892
9444 9517
-7788 3466
-3607 -6848
-723 4449
-9276 -470
43 3750
5661 3092
3646 2897
4613 -5105
-2425 -9101
6288 -87
741 1629
7805 9481
5861 9140
-7540 -1913
-4624 8134
-393 -6843
7012 -635
8668 281
-9298 5856
-873 -4148
-4720 2580
-4011 -4534
5107 1618
7340 5494
-7409 7639
4193 -7954
-8905 -1074
-5973 9521
7582 -6019
-6448 -8556
2298 2995
3812 -9360
-4321 -5309
-9487 -7147
-6059 4211
3678 4071
9838 2462
8921 -2725
-3558 -7351
-967 5044
3638 1032
-1505 -7529
693 -1532
7774 -6407
6647 -6290
3075 -147
-6466 2663
4305 -4455
8069 -8058
-2554 432
248 -449
1575 1347
-6475 -1257
9745 2351
-8856 -8429
6945 2220
7384 3591
-3518 -6139
-9042 5949
-5951 -180
-8461 7982
2644 -8241
-6833 -9594
-904 -6258
603 6923
-8458 4378
-346 4248
5592 -6259
-8757 5581
1573 9117
-8032 -3810
-3360 -9747
-9921 -8173
-4998 -10000
-6576 -2377
4496 6799
4556 -9094
-6529 -6630
9133 -1069
5686 1388
-2028 -3639
-1794 1159
3736 -9252
-6973 4295
5704 8927
-2181 9189
-309 9005
-4021 -2434
2927 -7761
-6570 8120
-9601 4332
1095 5509
5250 -2749
1821 8892
5322 8030
6604 -5227
9817 -9054
3258 -6693
-4919 -1952
-138 9005
-2030 144
7245 6749
1857 -9859
4537 7326
-3635 4315
-9444 -7479
7862 -5734
2368 -9653
-2369 1707
-1515 3776
3132 -5098
1200 9408
-564 -4561
5584 4446
-4071 -3094
-9592 -4359
-3547 -873
8266 7110
862 2291
2198 -4175
-5723 -7078
3055 -1594
4488 1761
5412 4842
-4697 7507
-4526 553
588 -4751
-7156 6020
1998 5298
9268 664
3301 3311
5655 9119
5608 -5288
51 3238
2692 -4005
-9249 5127
-274 4446
-5534 -6288
3032 -6168
1434 -9770
-5081 -2755
6220 8230
-2099 -5800
-2232 9095
-8018 -4694
7961 -9667
9696 -7246
-8705 -3345
6855 8661
-6234 6812
-7059 -8748
8181 7077
6535 3220
6595 -4917
4641 -4631
-3194 -7372
3828 -5492
7241 -8244
4004 2135
7429 9020
7558 8857
-4514 -6754
-5134 8759
496 -4368
7513 -5860
-289 7185
-386 111
2221 4816
6905 2048
-8915 7968
9521 2523
-2765 4302
-5762 7318
-3438 6489
-1001 731
6124 6423
4329 2085
-4291 7524
3268 3567
9912 2125
7747 8240
1215 1628
3210 -3192
2696 9811
-5539 4176
1300 7409
7592 -5275
-5690 8166
-7550 1367
8211 -8157
-6871 -2858
-4528 -2421
-9988 3389
-3499 30
-6208 -4380
8496 2828
-4980 3324
1820 9574
-9519 -1512
-9352 5697
-9795 7760
877 876
-5964 -2240
-2553 -789
8581 7795
-6371 684
1028 -3356
4049 -4646
6340 3808
-4090 420
852 1539
1052 -6625
9932 1446
-2277 2728
-7962 830
-6551 -362
-6571 3944
-3591 -2636
-9430 9082
6305 -659
846 -24
-7344 1013
-5872 -8742
-7472 8353
396 -6194
-9850 -8204
6749 1917
-6305 1470
-3639 7846
8506 -3806
-7511 -832
213 -9537
2245 1121
4993 -6686
1403 4958
2781 1184
-3809 9649
8712 -5513
105 2714
-530 -5373
-4029 7713
6367 2060
-6423 -7947
2195 -407
-9516 -802
8130 -2759
8040 -1297
3588 8098
-4470 4911
-4887 7854
-3917 -6742
-6565 4680
5551 -4236
4215 2722
-7703 -3961
-2446 -5361
-1686 -7902
-1526 4472
1236 -138
3677 41
-1174 883
-6099 5190
-617 9640
816 -7498
8322 4245
7514 -5736
1044 6456
2069 -5501
-2823 -8923
1461 -3104
4908 8010
5921 2747
6114 -4889
-5082 -7625
-5747 7411
1114 -7249
-2521 7377
-2987 -7487
-910 -1858
7145 -4799
-7034 8689
6682 7866
-5410 1008
-470 -2599
-5334 8119
-2515 -8234
-7999 5956
-6492 5535
5710 9157
7058 -9755
-9518 8363
-8043 -935
-6020 -3306
4416 9497
4798 -31
9852 9588
-3636 -4986
-3332 -9462
-4023 -8433
-8452 -8580
-8294 9168
7031 7108
-7976 -8655
-4272 -461
-5681 -3218
3271 4545
-3991 5172
-9355 -4461
-1744 1452
1320 1471
-9434 -3418
7004 -8209
6415 -5635
-754 -2380
4328 110
-5892 -3929
5580 2866
-371 2247
-2958 5226
1215 -2507
135 -2274
-4905 -3208
-6076 9890
-9996 9111
-1907 1520
7125 -6511
6693 370
-3591 -4830
-9457 5123
1114 4726
-9775 -6732
-1547 -3765
-7984 4830
9564 -8901
-7017 484
-7072 9545
-4985 -6364
1956 5891
36 -2361
-4515 -1251
6297 6334
-2084 6549
9996 9751
-8503 4385
-1875 4627
-5141 5958
-7487 4155
-8236 6341
-3234 -2315
5778 7700
8002 -4331
9400 -2638
-3054 1510
-7766 -7238
-7328 6264
2767 766
1519 8092
5081 -1736
-9876 -6809
7940 -7670
-6747 -2705
7686 274
